Func 4: f(x)=sqrt(x), [0,10]
I_exact = 21.081851067789
h = (b-a)/n

n	h	E_left	E_right	E_mid	E_trap	E_simp
---	---	-------	-------	-----	------	------
    10	    1.000000	    1.775851	    1.386427	    0.054302	    0.194712	    0.081178
    20	    0.500000	    0.860774	    0.720364	    0.019880	    0.070205	    0.028703
    30	    0.333333	    0.565590	    0.488503	    0.010986	    0.038544	    0.015624
    40	    0.250000	    0.420447	    0.370122	    0.007199	    0.025162	    0.010148
    50	    0.200000	    0.334295	    0.298161	    0.005183	    0.018067	    0.007261
    60	    0.166667	    0.277302	    0.249744	    0.003960	    0.013779	    0.005524
    70	    0.142857	    0.236833	    0.214921	    0.003153	    0.010956	    0.004384
    80	    0.125000	    0.206624	    0.188661	    0.002588	    0.008981	    0.003588
    90	    0.111111	    0.183219	    0.168145	    0.002174	    0.007537	    0.003007
   100	    0.100000	    0.164556	    0.151672	    0.001860	    0.006442	    0.002567
   110	    0.090909	    0.149329	    0.138151	    0.001615	    0.005589	    0.002225
   120	    0.083333	    0.136671	    0.126852	    0.001419	    0.004909	    0.001953
   130	    0.076923	    0.125983	    0.117269	    0.001260	    0.004357	    0.001732
   140	    0.071429	    0.116840	    0.109037	    0.001129	    0.003901	    0.001550
   150	    0.066667	    0.108929	    0.101889	    0.001019	    0.003520	    0.001397
   160	    0.062500	    0.102018	    0.095624	    0.000926	    0.003197	    0.001269
   170	    0.058824	    0.095928	    0.090088	    0.000846	    0.002920	    0.001158
   180	    0.055556	    0.090523	    0.085160	    0.000777	    0.002682	    0.001063
   190	    0.052632	    0.085691	    0.080744	    0.000717	    0.002474	    0.000980
   200	    0.050000	    0.081348	    0.076766	    0.000664	    0.002291	    0.000908
   210	    0.047619	    0.077423	    0.073162	    0.000618	    0.002130	    0.000844
   220	    0.045455	    0.073857	    0.069883	    0.000576	    0.001987	    0.000787
   230	    0.043478	    0.070605	    0.066885	    0.000540	    0.001860	    0.000736
   240	    0.041667	    0.067626	    0.064136	    0.000506	    0.001745	    0.000690
   250	    0.040000	    0.064888	    0.061604	    0.000477	    0.001642	    0.000649
   260	    0.038462	    0.062362	    0.059264	    0.000450	    0.001549	    0.000612
   270	    0.037037	    0.060024	    0.057097	    0.000425	    0.001464	    0.000579
   280	    0.035714	    0.057856	    0.055083	    0.000403	    0.001386	    0.000548
   290	    0.034483	    0.055838	    0.053207	    0.000382	    0.001315	    0.000520
   300	    0.033333	    0.053955	    0.051454	    0.000363	    0.001251	    0.000494
   310	    0.032258	    0.052195	    0.049814	    0.000346	    0.001191	    0.000470
   320	    0.031250	    0.050546	    0.048275	    0.000330	    0.001136	    0.000448
   330	    0.030303	    0.048998	    0.046829	    0.000315	    0.001085	    0.000428
   340	    0.029412	    0.047541	    0.045467	    0.000301	    0.001037	    0.000410
   350	    0.028571	    0.046169	    0.044182	    0.000289	    0.000993	    0.000392
   360	    0.027778	    0.044873	    0.042968	    0.000277	    0.000952	    0.000376
   370	    0.027027	    0.043648	    0.041819	    0.000266	    0.000914	    0.000361
   380	    0.026316	    0.042487	    0.040731	    0.000255	    0.000878	    0.000347
   390	    0.025641	    0.041387	    0.039697	    0.000246	    0.000845	    0.000333
   400	    0.025000	    0.040342	    0.038715	    0.000237	    0.000814	    0.000321
   410	    0.024390	    0.039348	    0.037780	    0.000228	    0.000784	    0.000309
   420	    0.023810	    0.038402	    0.036890	    0.000220	    0.000756	    0.000298
   430	    0.023256	    0.037501	    0.036041	    0.000212	    0.000730	    0.000288
   440	    0.022727	    0.036640	    0.035230	    0.000205	    0.000705	    0.000278
   450	    0.022222	    0.035819	    0.034454	    0.000198	    0.000682	    0.000269
   460	    0.021739	    0.035033	    0.033712	    0.000192	    0.000660	    0.000260
   470	    0.021277	    0.034280	    0.033002	    0.000186	    0.000639	    0.000252
   480	    0.020833	    0.033560	    0.032321	    0.000180	    0.000619	    0.000244
   490	    0.020408	    0.032869	    0.031668	    0.000175	    0.000601	    0.000237
   500	    0.020000	    0.032205	    0.031040	    0.000170	    0.000583	    0.000230
   510	    0.019608	    0.031568	    0.030437	    0.000165	    0.000566	    0.000223
   520	    0.019231	    0.030956	    0.029857	    0.000160	    0.000550	    0.000217
   530	    0.018868	    0.030367	    0.029299	    0.000155	    0.000534	    0.000210
   540	    0.018519	    0.029800	    0.028761	    0.000151	    0.000519	    0.000205
   550	    0.018182	    0.029253	    0.028243	    0.000147	    0.000505	    0.000199
   560	    0.017857	    0.028726	    0.027743	    0.000143	    0.000492	    0.000194
   570	    0.017544	    0.028218	    0.027260	    0.000139	    0.000479	    0.000189
   580	    0.017241	    0.027728	    0.026794	    0.000136	    0.000467	    0.000184
   590	    0.016949	    0.027254	    0.026344	    0.000132	    0.000455	    0.000179
   600	    0.016667	    0.026796	    0.025909	    0.000129	    0.000444	    0.000175
   610	    0.016393	    0.026353	    0.025488	    0.000126	    0.000433	    0.000170
   620	    0.016129	    0.025925	    0.025080	    0.000123	    0.000422	    0.000166
   630	    0.015873	    0.025510	    0.024685	    0.000120	    0.000412	    0.000162
   640	    0.015625	    0.025108	    0.024302	    0.000117	    0.000403	    0.000159
   650	    0.015385	    0.024719	    0.023932	    0.000115	    0.000394	    0.000155
   660	    0.015152	    0.024341	    0.023572	    0.000112	    0.000385	    0.000151
   670	    0.014925	    0.023975	    0.023223	    0.000110	    0.000376	    0.000148
   680	    0.014706	    0.023620	    0.022884	    0.000107	    0.000368	    0.000145
   690	    0.014493	    0.023275	    0.022555	    0.000105	    0.000360	    0.000142
   700	    0.014286	    0.022940	    0.022235	    0.000103	    0.000352	    0.000139
   710	    0.014085	    0.022614	    0.021925	    0.000100	    0.000345	    0.000136
   720	    0.013889	    0.022298	    0.021623	    0.000098	    0.000338	    0.000133
   730	    0.013699	    0.021990	    0.021329	    0.000096	    0.000331	    0.000130
   740	    0.013514	    0.021691	    0.021043	    0.000094	    0.000324	    0.000128
   750	    0.013333	    0.021400	    0.020764	    0.000093	    0.000318	    0.000125
   760	    0.013158	    0.021116	    0.020493	    0.000091	    0.000311	    0.000123
   770	    0.012987	    0.020840	    0.020229	    0.000089	    0.000305	    0.000120
   780	    0.012821	    0.020571	    0.019971	    0.000087	    0.000300	    0.000118
   790	    0.012658	    0.020308	    0.019720	    0.000086	    0.000294	    0.000116
   800	    0.012500	    0.020053	    0.019476	    0.000084	    0.000288	    0.000113
   810	    0.012346	    0.019803	    0.019237	    0.000083	    0.000283	    0.000111
   820	    0.012195	    0.019560	    0.019004	    0.000081	    0.000278	    0.000109
   830	    0.012048	    0.019323	    0.018777	    0.000080	    0.000273	    0.000107
   840	    0.011905	    0.019091	    0.018555	    0.000078	    0.000268	    0.000105
   850	    0.011765	    0.018865	    0.018338	    0.000077	    0.000263	    0.000104
   860	    0.011628	    0.018644	    0.018126	    0.000075	    0.000259	    0.000102
   870	    0.011494	    0.018428	    0.017920	    0.000074	    0.000254	    0.000100
   880	    0.011364	    0.018218	    0.017717	    0.000073	    0.000250	    0.000098
   890	    0.011236	    0.018012	    0.017520	    0.000072	    0.000246	    0.000097
   900	    0.011111	    0.017810	    0.017326	    0.000071	    0.000242	    0.000095
   910	    0.010989	    0.017613	    0.017137	    0.000069	    0.000238	    0.000094
   920	    0.010870	    0.017420	    0.016952	    0.000068	    0.000234	    0.000092
   930	    0.010753	    0.017232	    0.016771	    0.000067	    0.000230	    0.000091
   940	    0.010638	    0.017047	    0.016594	    0.000066	    0.000227	    0.000089
   950	    0.010526	    0.016867	    0.016421	    0.000065	    0.000223	    0.000088
   960	    0.010417	    0.016690	    0.016251	    0.000064	    0.000220	    0.000086
   970	    0.010309	    0.016517	    0.016084	    0.000063	    0.000216	    0.000085
   980	    0.010204	    0.016347	    0.015921	    0.000062	    0.000213	    0.000084
   990	    0.010101	    0.016181	    0.015761	    0.000061	    0.000210	    0.000082
  1000	    0.010000	    0.016018	    0.015605	    0.000060	    0.000207	    0.000081
  1010	    0.009901	    0.015858	    0.015451	    0.000059	    0.000204	    0.000080
  1020	    0.009804	    0.015702	    0.015301	    0.000058	    0.000201	    0.000079
  1030	    0.009709	    0.015548	    0.015153	    0.000058	    0.000198	    0.000078
  1040	    0.009615	    0.015398	    0.015008	    0.000057	    0.000195	    0.000077
  1050	    0.009524	    0.015250	    0.014866	    0.000056	    0.000192	    0.000075
  1060	    0.009434	    0.015106	    0.014727	    0.000055	    0.000189	    0.000074
  1070	    0.009346	    0.014964	    0.014590	    0.000054	    0.000187	    0.000073
  1080	    0.009259	    0.014824	    0.014456	    0.000054	    0.000184	    0.000072
  1090	    0.009174	    0.014687	    0.014324	    0.000053	    0.000182	    0.000071
  1100	    0.009091	    0.014553	    0.014195	    0.000052	    0.000179	    0.000070
  1110	    0.009009	    0.014421	    0.014068	    0.000052	    0.000177	    0.000069
  1120	    0.008929	    0.014292	    0.013943	    0.000051	    0.000174	    0.000068
  1130	    0.008850	    0.014164	    0.013820	    0.000050	    0.000172	    0.000068
  1140	    0.008772	    0.014039	    0.013700	    0.000050	    0.000170	    0.000067
  1150	    0.008696	    0.013917	    0.013581	    0.000049	    0.000168	    0.000066
  1160	    0.008621	    0.013796	    0.013465	    0.000048	    0.000165	    0.000065
  1170	    0.008547	    0.013677	    0.013351	    0.000048	    0.000163	    0.000064
  1180	    0.008475	    0.013561	    0.013238	    0.000047	    0.000161	    0.000063
  1190	    0.008403	    0.013446	    0.013128	    0.000046	    0.000159	    0.000063
  1200	    0.008333	    0.013333	    0.013019	    0.000046	    0.000157	    0.000062
  1210	    0.008264	    0.013223	    0.012912	    0.000045	    0.000155	    0.000061
  1220	    0.008197	    0.013114	    0.012807	    0.000045	    0.000153	    0.000060
  1230	    0.008130	    0.013006	    0.012703	    0.000044	    0.000152	    0.000060
  1240	    0.008065	    0.012901	    0.012601	    0.000044	    0.000150	    0.000059
  1250	    0.008000	    0.012797	    0.012501	    0.000043	    0.000148	    0.000058
  1260	    0.007937	    0.012695	    0.012403	    0.000043	    0.000146	    0.000057
  1270	    0.007874	    0.012594	    0.012305	    0.000042	    0.000144	    0.000057
  1280	    0.007813	    0.012495	    0.012210	    0.000042	    0.000143	    0.000056
  1290	    0.007752	    0.012398	    0.012116	    0.000041	    0.000141	    0.000055
  1300	    0.007692	    0.012302	    0.012023	    0.000041	    0.000139	    0.000055
  1310	    0.007634	    0.012208	    0.011932	    0.000040	    0.000138	    0.000054
  1320	    0.007576	    0.012115	    0.011842	    0.000040	    0.000136	    0.000054
  1330	    0.007519	    0.012023	    0.011753	    0.000039	    0.000135	    0.000053
  1340	    0.007463	    0.011933	    0.011666	    0.000039	    0.000133	    0.000052
  1350	    0.007407	    0.011844	    0.011580	    0.000038	    0.000132	    0.000052
  1360	    0.007353	    0.011756	    0.011496	    0.000038	    0.000130	    0.000051
  1370	    0.007299	    0.011670	    0.011412	    0.000038	    0.000129	    0.000051
  1380	    0.007246	    0.011585	    0.011330	    0.000037	    0.000128	    0.000050
  1390	    0.007194	    0.011501	    0.011249	    0.000037	    0.000126	    0.000050
  1400	    0.007143	    0.011419	    0.011169	    0.000036	    0.000125	    0.000049
  1410	    0.007092	    0.011337	    0.011090	    0.000036	    0.000124	    0.000048
  1420	    0.007042	    0.011257	    0.011013	    0.000036	    0.000122	    0.000048
  1430	    0.006993	    0.011178	    0.010936	    0.000035	    0.000121	    0.000047
  1440	    0.006944	    0.011100	    0.010860	    0.000035	    0.000120	    0.000047
  1450	    0.006897	    0.011023	    0.010786	    0.000035	    0.000118	    0.000046
  1460	    0.006849	    0.010947	    0.010712	    0.000034	    0.000117	    0.000046
  1470	    0.006803	    0.010872	    0.010640	    0.000034	    0.000116	    0.000046
  1480	    0.006757	    0.010798	    0.010569	    0.000034	    0.000115	    0.000045
  1490	    0.006711	    0.010725	    0.010498	    0.000033	    0.000114	    0.000045
  1500	    0.006667	    0.010653	    0.010428	    0.000033	    0.000113	    0.000044
  1510	    0.006623	    0.010583	    0.010360	    0.000033	    0.000111	    0.000044
  1520	    0.006579	    0.010513	    0.010292	    0.000032	    0.000110	    0.000043
  1530	    0.006536	    0.010444	    0.010225	    0.000032	    0.000109	    0.000043
  1540	    0.006494	    0.010375	    0.010159	    0.000032	    0.000108	    0.000042
  1550	    0.006452	    0.010308	    0.010094	    0.000031	    0.000107	    0.000042
  1560	    0.006410	    0.010242	    0.010029	    0.000031	    0.000106	    0.000042
  1570	    0.006369	    0.010176	    0.009966	    0.000031	    0.000105	    0.000041
  1580	    0.006329	    0.010111	    0.009903	    0.000030	    0.000104	    0.000041
  1590	    0.006289	    0.010047	    0.009841	    0.000030	    0.000103	    0.000040
  1600	    0.006250	    0.009984	    0.009780	    0.000030	    0.000102	    0.000040
  1610	    0.006211	    0.009922	    0.009719	    0.000030	    0.000101	    0.000040
  1620	    0.006173	    0.009860	    0.009660	    0.000029	    0.000100	    0.000039
  1630	    0.006135	    0.009800	    0.009601	    0.000029	    0.000099	    0.000039
  1640	    0.006098	    0.009740	    0.009543	    0.000029	    0.000098	    0.000039
  1650	    0.006061	    0.009680	    0.009485	    0.000028	    0.000098	    0.000038
  1660	    0.006024	    0.009622	    0.009428	    0.000028	    0.000097	    0.000038
  1670	    0.005988	    0.009564	    0.009372	    0.000028	    0.000096	    0.000038
  1680	    0.005952	    0.009507	    0.009317	    0.000028	    0.000095	    0.000037
  1690	    0.005917	    0.009450	    0.009262	    0.000027	    0.000094	    0.000037
  1700	    0.005882	    0.009394	    0.009207	    0.000027	    0.000093	    0.000037
  1710	    0.005848	    0.009339	    0.009154	    0.000027	    0.000093	    0.000036
  1720	    0.005814	    0.009284	    0.009101	    0.000027	    0.000092	    0.000036
  1730	    0.005780	    0.009230	    0.009049	    0.000027	    0.000091	    0.000036
  1740	    0.005747	    0.009177	    0.008997	    0.000026	    0.000090	    0.000035
  1750	    0.005714	    0.009124	    0.008946	    0.000026	    0.000089	    0.000035
  1760	    0.005682	    0.009072	    0.008895	    0.000026	    0.000089	    0.000035
  1770	    0.005650	    0.009021	    0.008845	    0.000026	    0.000088	    0.000034
  1780	    0.005618	    0.008970	    0.008796	    0.000025	    0.000087	    0.000034
  1790	    0.005587	    0.008920	    0.008747	    0.000025	    0.000086	    0.000034
  1800	    0.005556	    0.008870	    0.008698	    0.000025	    0.000086	    0.000034
  1810	    0.005525	    0.008821	    0.008651	    0.000025	    0.000085	    0.000033
  1820	    0.005495	    0.008772	    0.008603	    0.000025	    0.000084	    0.000033
  1830	    0.005464	    0.008724	    0.008557	    0.000024	    0.000084	    0.000033
  1840	    0.005435	    0.008676	    0.008510	    0.000024	    0.000083	    0.000033
  1850	    0.005405	    0.008629	    0.008464	    0.000024	    0.000082	    0.000032
  1860	    0.005376	    0.008582	    0.008419	    0.000024	    0.000082	    0.000032
  1870	    0.005348	    0.008536	    0.008374	    0.000024	    0.000081	    0.000032
  1880	    0.005319	    0.008491	    0.008330	    0.000023	    0.000080	    0.000031
  1890	    0.005291	    0.008445	    0.008286	    0.000023	    0.000080	    0.000031
  1900	    0.005263	    0.008401	    0.008243	    0.000023	    0.000079	    0.000031
  1910	    0.005236	    0.008357	    0.008200	    0.000023	    0.000078	    0.000031
  1920	    0.005208	    0.008313	    0.008157	    0.000023	    0.000078	    0.000031
  1930	    0.005181	    0.008270	    0.008115	    0.000023	    0.000077	    0.000030
  1940	    0.005155	    0.008227	    0.008074	    0.000022	    0.000077	    0.000030
  1950	    0.005128	    0.008184	    0.008032	    0.000022	    0.000076	    0.000030
  1960	    0.005102	    0.008142	    0.007992	    0.000022	    0.000075	    0.000030
  1970	    0.005076	    0.008101	    0.007951	    0.000022	    0.000075	    0.000029
  1980	    0.005051	    0.008060	    0.007911	    0.000022	    0.000074	    0.000029
  1990	    0.005025	    0.008019	    0.007872	    0.000022	    0.000074	    0.000029
  2000	    0.005000	    0.007979	    0.007833	    0.000021	    0.000073	    0.000029
  2010	    0.004975	    0.007939	    0.007794	    0.000021	    0.000073	    0.000028
  2020	    0.004950	    0.007900	    0.007755	    0.000021	    0.000072	    0.000028
  2030	    0.004926	    0.007860	    0.007717	    0.000021	    0.000072	    0.000028
  2040	    0.004902	    0.007822	    0.007680	    0.000021	    0.000071	    0.000028
  2050	    0.004878	    0.007783	    0.007642	    0.000021	    0.000071	    0.000028
  2060	    0.004854	    0.007745	    0.007605	    0.000020	    0.000070	    0.000027
  2070	    0.004831	    0.007708	    0.007569	    0.000020	    0.000069	    0.000027
  2080	    0.004808	    0.007671	    0.007533	    0.000020	    0.000069	    0.000027
  2090	    0.004785	    0.007634	    0.007497	    0.000020	    0.000069	    0.000027
  2100	    0.004762	    0.007597	    0.007461	    0.000020	    0.000068	    0.000027
  2110	    0.004739	    0.007561	    0.007426	    0.000020	    0.000068	    0.000026
  2120	    0.004717	    0.007525	    0.007391	    0.000020	    0.000067	    0.000026
  2130	    0.004695	    0.007490	    0.007357	    0.000019	    0.000067	    0.000026
  2140	    0.004673	    0.007455	    0.007322	    0.000019	    0.000066	    0.000026
  2150	    0.004651	    0.007420	    0.007288	    0.000019	    0.000066	    0.000026
  2160	    0.004630	    0.007385	    0.007255	    0.000019	    0.000065	    0.000026
  2170	    0.004608	    0.007351	    0.007222	    0.000019	    0.000065	    0.000025
  2180	    0.004587	    0.007317	    0.007189	    0.000019	    0.000064	    0.000025
  2190	    0.004566	    0.007284	    0.007156	    0.000019	    0.000064	    0.000025
  2200	    0.004545	    0.007250	    0.007124	    0.000019	    0.000063	    0.000025
  2210	    0.004525	    0.007217	    0.007091	    0.000018	    0.000063	    0.000025
  2220	    0.004505	    0.007185	    0.007060	    0.000018	    0.000063	    0.000025
  2230	    0.004484	    0.007152	    0.007028	    0.000018	    0.000062	    0.000024
  2240	    0.004464	    0.007120	    0.006997	    0.000018	    0.000062	    0.000024
  2250	    0.004444	    0.007089	    0.006966	    0.000018	    0.000061	    0.000024
  2260	    0.004425	    0.007057	    0.006935	    0.000018	    0.000061	    0.000024
  2270	    0.004405	    0.007026	    0.006905	    0.000018	    0.000061	    0.000024
  2280	    0.004386	    0.006995	    0.006875	    0.000018	    0.000060	    0.000024
  2290	    0.004367	    0.006964	    0.006845	    0.000017	    0.000060	    0.000023
  2300	    0.004348	    0.006934	    0.006815	    0.000017	    0.000059	    0.000023
  2310	    0.004329	    0.006904	    0.006786	    0.000017	    0.000059	    0.000023
  2320	    0.004310	    0.006874	    0.006757	    0.000017	    0.000059	    0.000023
  2330	    0.004292	    0.006844	    0.006728	    0.000017	    0.000058	    0.000023
  2340	    0.004274	    0.006815	    0.006699	    0.000017	    0.000058	    0.000023
  2350	    0.004255	    0.006786	    0.006671	    0.000017	    0.000057	    0.000023
  2360	    0.004237	    0.006757	    0.006643	    0.000017	    0.000057	    0.000022
  2370	    0.004219	    0.006728	    0.006615	    0.000017	    0.000057	    0.000022
  2380	    0.004202	    0.006700	    0.006587	    0.000016	    0.000056	    0.000022
  2390	    0.004184	    0.006672	    0.006560	    0.000016	    0.000056	    0.000022
  2400	    0.004167	    0.006644	    0.006532	    0.000016	    0.000056	    0.000022
  2410	    0.004149	    0.006616	    0.006505	    0.000016	    0.000055	    0.000022
  2420	    0.004132	    0.006589	    0.006479	    0.000016	    0.000055	    0.000022
  2430	    0.004115	    0.006561	    0.006452	    0.000016	    0.000055	    0.000021
  2440	    0.004098	    0.006534	    0.006426	    0.000016	    0.000054	    0.000021
  2450	    0.004082	    0.006508	    0.006400	    0.000016	    0.000054	    0.000021
  2460	    0.004065	    0.006481	    0.006374	    0.000016	    0.000054	    0.000021
  2470	    0.004049	    0.006455	    0.006348	    0.000016	    0.000053	    0.000021
  2480	    0.004032	    0.006429	    0.006323	    0.000015	    0.000053	    0.000021
  2490	    0.004016	    0.006403	    0.006297	    0.000015	    0.000053	    0.000021
  2500	    0.004000	    0.006377	    0.006272	    0.000015	    0.000052	    0.000021
  2510	    0.003984	    0.006351	    0.006247	    0.000015	    0.000052	    0.000020
  2520	    0.003968	    0.006326	    0.006223	    0.000015	    0.000052	    0.000020
  2530	    0.003953	    0.006301	    0.006198	    0.000015	    0.000051	    0.000020
  2540	    0.003937	    0.006276	    0.006174	    0.000015	    0.000051	    0.000020
  2550	    0.003922	    0.006251	    0.006150	    0.000015	    0.000051	    0.000020
  2560	    0.003906	    0.006227	    0.006126	    0.000015	    0.000051	    0.000020
  2570	    0.003891	    0.006203	    0.006102	    0.000015	    0.000050	    0.000020
  2580	    0.003876	    0.006178	    0.006078	    0.000015	    0.000050	    0.000020
  2590	    0.003861	    0.006154	    0.006055	    0.000015	    0.000050	    0.000019
  2600	    0.003846	    0.006131	    0.006032	    0.000014	    0.000049	    0.000019
  2610	    0.003831	    0.006107	    0.006009	    0.000014	    0.000049	    0.000019
  2620	    0.003817	    0.006084	    0.005986	    0.000014	    0.000049	    0.000019
  2630	    0.003802	    0.006060	    0.005963	    0.000014	    0.000049	    0.000019
  2640	    0.003788	    0.006037	    0.005941	    0.000014	    0.000048	    0.000019
  2650	    0.003774	    0.006015	    0.005919	    0.000014	    0.000048	    0.000019
  2660	    0.003759	    0.005992	    0.005896	    0.000014	    0.000048	    0.000019
  2670	    0.003745	    0.005969	    0.005874	    0.000014	    0.000047	    0.000019
  2680	    0.003731	    0.005947	    0.005853	    0.000014	    0.000047	    0.000019
  2690	    0.003717	    0.005925	    0.005831	    0.000014	    0.000047	    0.000018
  2700	    0.003704	    0.005903	    0.005809	    0.000014	    0.000047	    0.000018
  2710	    0.003690	    0.005881	    0.005788	    0.000014	    0.000046	    0.000018
  2720	    0.003676	    0.005859	    0.005767	    0.000013	    0.000046	    0.000018
  2730	    0.003663	    0.005838	    0.005746	    0.000013	    0.000046	    0.000018
  2740	    0.003650	    0.005816	    0.005725	    0.000013	    0.000046	    0.000018
  2750	    0.003636	    0.005795	    0.005704	    0.000013	    0.000045	    0.000018
  2760	    0.003623	    0.005774	    0.005684	    0.000013	    0.000045	    0.000018
  2770	    0.003610	    0.005753	    0.005663	    0.000013	    0.000045	    0.000018
  2780	    0.003597	    0.005732	    0.005643	    0.000013	    0.000045	    0.000018
  2790	    0.003584	    0.005712	    0.005623	    0.000013	    0.000044	    0.000017
  2800	    0.003571	    0.005691	    0.005603	    0.000013	    0.000044	    0.000017
  2810	    0.003559	    0.005671	    0.005583	    0.000013	    0.000044	    0.000017
  2820	    0.003546	    0.005651	    0.005563	    0.000013	    0.000044	    0.000017
  2830	    0.003534	    0.005631	    0.005544	    0.000013	    0.000044	    0.000017
  2840	    0.003521	    0.005611	    0.005524	    0.000013	    0.000043	    0.000017
  2850	    0.003509	    0.005591	    0.005505	    0.000013	    0.000043	    0.000017
  2860	    0.003497	    0.005571	    0.005486	    0.000013	    0.000043	    0.000017
  2870	    0.003484	    0.005552	    0.005467	    0.000012	    0.000043	    0.000017
  2880	    0.003472	    0.005532	    0.005448	    0.000012	    0.000042	    0.000017
  2890	    0.003460	    0.005513	    0.005429	    0.000012	    0.000042	    0.000017
  2900	    0.003448	    0.005494	    0.005410	    0.000012	    0.000042	    0.000016
  2910	    0.003436	    0.005475	    0.005392	    0.000012	    0.000042	    0.000016
  2920	    0.003425	    0.005456	    0.005373	    0.000012	    0.000042	    0.000016
  2930	    0.003413	    0.005438	    0.005355	    0.000012	    0.000041	    0.000016
  2940	    0.003401	    0.005419	    0.005337	    0.000012	    0.000041	    0.000016
  2950	    0.003390	    0.005401	    0.005319	    0.000012	    0.000041	    0.000016
  2960	    0.003378	    0.005382	    0.005301	    0.000012	    0.000041	    0.000016
  2970	    0.003367	    0.005364	    0.005283	    0.000012	    0.000040	    0.000016
  2980	    0.003356	    0.005346	    0.005266	    0.000012	    0.000040	    0.000016
  2990	    0.003344	    0.005328	    0.005248	    0.000012	    0.000040	    0.000016
  3000	    0.003333	    0.005310	    0.005231	    0.000012	    0.000040	    0.000016
  3010	    0.003322	    0.005293	    0.005213	    0.000012	    0.000040	    0.000016
  3020	    0.003311	    0.005275	    0.005196	    0.000012	    0.000039	    0.000015
  3030	    0.003300	    0.005258	    0.005179	    0.000011	    0.000039	    0.000015
  3040	    0.003289	    0.005240	    0.005162	    0.000011	    0.000039	    0.000015
  3050	    0.003279	    0.005223	    0.005145	    0.000011	    0.000039	    0.000015
  3060	    0.003268	    0.005206	    0.005128	    0.000011	    0.000039	    0.000015
  3070	    0.003257	    0.005189	    0.005112	    0.000011	    0.000039	    0.000015
  3080	    0.003247	    0.005172	    0.005095	    0.000011	    0.000038	    0.000015
  3090	    0.003236	    0.005155	    0.005079	    0.000011	    0.000038	    0.000015
  3100	    0.003226	    0.005138	    0.005062	    0.000011	    0.000038	    0.000015
  3110	    0.003215	    0.005122	    0.005046	    0.000011	    0.000038	    0.000015
  3120	    0.003205	    0.005105	    0.005030	    0.000011	    0.000038	    0.000015
  3130	    0.003195	    0.005089	    0.005014	    0.000011	    0.000037	    0.000015
  3140	    0.003185	    0.005073	    0.004998	    0.000011	    0.000037	    0.000015
  3150	    0.003175	    0.005057	    0.004982	    0.000011	    0.000037	    0.000015
  3160	    0.003165	    0.005040	    0.004967	    0.000011	    0.000037	    0.000014
  3170	    0.003155	    0.005025	    0.004951	    0.000011	    0.000037	    0.000014
  3180	    0.003145	    0.005009	    0.004936	    0.000011	    0.000037	    0.000014
  3190	    0.003135	    0.004993	    0.004920	    0.000011	    0.000036	    0.000014
  3200	    0.003125	    0.004977	    0.004905	    0.000011	    0.000036	    0.000014
  3210	    0.003115	    0.004962	    0.004890	    0.000011	    0.000036	    0.000014
  3220	    0.003106	    0.004946	    0.004875	    0.000010	    0.000036	    0.000014
  3230	    0.003096	    0.004931	    0.004859	    0.000010	    0.000036	    0.000014
  3240	    0.003086	    0.004916	    0.004845	    0.000010	    0.000036	    0.000014
  3250	    0.003077	    0.004900	    0.004830	    0.000010	    0.000035	    0.000014
  3260	    0.003067	    0.004885	    0.004815	    0.000010	    0.000035	    0.000014
  3270	    0.003058	    0.004870	    0.004800	    0.000010	    0.000035	    0.000014
  3280	    0.003049	    0.004855	    0.004786	    0.000010	    0.000035	    0.000014
  3290	    0.003040	    0.004841	    0.004771	    0.000010	    0.000035	    0.000014
  3300	    0.003030	    0.004826	    0.004757	    0.000010	    0.000035	    0.000014
  3310	    0.003021	    0.004811	    0.004742	    0.000010	    0.000034	    0.000013
  3320	    0.003012	    0.004797	    0.004728	    0.000010	    0.000034	    0.000013
  3330	    0.003003	    0.004782	    0.004714	    0.000010	    0.000034	    0.000013
  3340	    0.002994	    0.004768	    0.004700	    0.000010	    0.000034	    0.000013
  3350	    0.002985	    0.004754	    0.004686	    0.000010	    0.000034	    0.000013
  3360	    0.002976	    0.004739	    0.004672	    0.000010	    0.000034	    0.000013
  3370	    0.002967	    0.004725	    0.004658	    0.000010	    0.000033	    0.000013
  3380	    0.002959	    0.004711	    0.004645	    0.000010	    0.000033	    0.000013
  3390	    0.002950	    0.004697	    0.004631	    0.000010	    0.000033	    0.000013
  3400	    0.002941	    0.004683	    0.004617	    0.000010	    0.000033	    0.000013
  3410	    0.002933	    0.004670	    0.004604	    0.000010	    0.000033	    0.000013
  3420	    0.002924	    0.004656	    0.004590	    0.000010	    0.000033	    0.000013
  3430	    0.002915	    0.004642	    0.004577	    0.000010	    0.000033	    0.000013
  3440	    0.002907	    0.004629	    0.004564	    0.000009	    0.000032	    0.000013
  3450	    0.002899	    0.004615	    0.004551	    0.000009	    0.000032	    0.000013
  3460	    0.002890	    0.004602	    0.004538	    0.000009	    0.000032	    0.000013
  3470	    0.002882	    0.004589	    0.004525	    0.000009	    0.000032	    0.000013
  3480	    0.002874	    0.004575	    0.004512	    0.000009	    0.000032	    0.000013
  3490	    0.002865	    0.004562	    0.004499	    0.000009	    0.000032	    0.000012
  3500	    0.002857	    0.004549	    0.004486	    0.000009	    0.000032	    0.000012
  3510	    0.002849	    0.004536	    0.004473	    0.000009	    0.000032	    0.000012
  3520	    0.002841	    0.004523	    0.004460	    0.000009	    0.000031	    0.000012
  3530	    0.002833	    0.004510	    0.004448	    0.000009	    0.000031	    0.000012
  3540	    0.002825	    0.004498	    0.004435	    0.000009	    0.000031	    0.000012
  3550	    0.002817	    0.004485	    0.004423	    0.000009	    0.000031	    0.000012
  3560	    0.002809	    0.004472	    0.004411	    0.000009	    0.000031	    0.000012
  3570	    0.002801	    0.004460	    0.004398	    0.000009	    0.000031	    0.000012
  3580	    0.002793	    0.004447	    0.004386	    0.000009	    0.000031	    0.000012
  3590	    0.002786	    0.004435	    0.004374	    0.000009	    0.000030	    0.000012
  3600	    0.002778	    0.004422	    0.004362	    0.000009	    0.000030	    0.000012
  3610	    0.002770	    0.004410	    0.004350	    0.000009	    0.000030	    0.000012
  3620	    0.002762	    0.004398	    0.004338	    0.000009	    0.000030	    0.000012
  3630	    0.002755	    0.004386	    0.004326	    0.000009	    0.000030	    0.000012
  3640	    0.002747	    0.004374	    0.004314	    0.000009	    0.000030	    0.000012
  3650	    0.002740	    0.004362	    0.004302	    0.000009	    0.000030	    0.000012
  3660	    0.002732	    0.004350	    0.004290	    0.000009	    0.000030	    0.000012
  3670	    0.002725	    0.004338	    0.004279	    0.000009	    0.000029	    0.000012
  3680	    0.002717	    0.004326	    0.004267	    0.000009	    0.000029	    0.000012
  3690	    0.002710	    0.004314	    0.004256	    0.000009	    0.000029	    0.000011
  3700	    0.002703	    0.004302	    0.004244	    0.000009	    0.000029	    0.000011
  3710	    0.002695	    0.004291	    0.004233	    0.000008	    0.000029	    0.000011
  3720	    0.002688	    0.004279	    0.004221	    0.000008	    0.000029	    0.000011
  3730	    0.002681	    0.004268	    0.004210	    0.000008	    0.000029	    0.000011
  3740	    0.002674	    0.004256	    0.004199	    0.000008	    0.000029	    0.000011
  3750	    0.002667	    0.004245	    0.004188	    0.000008	    0.000029	    0.000011
  3760	    0.002660	    0.004234	    0.004177	    0.000008	    0.000028	    0.000011
  3770	    0.002653	    0.004222	    0.004166	    0.000008	    0.000028	    0.000011
  3780	    0.002646	    0.004211	    0.004155	    0.000008	    0.000028	    0.000011
  3790	    0.002639	    0.004200	    0.004144	    0.000008	    0.000028	    0.000011
  3800	    0.002632	    0.004189	    0.004133	    0.000008	    0.000028	    0.000011
  3810	    0.002625	    0.004178	    0.004122	    0.000008	    0.000028	    0.000011
  3820	    0.002618	    0.004167	    0.004111	    0.000008	    0.000028	    0.000011
  3830	    0.002611	    0.004156	    0.004101	    0.000008	    0.000028	    0.000011
  3840	    0.002604	    0.004145	    0.004090	    0.000008	    0.000028	    0.000011
  3850	    0.002597	    0.004134	    0.004079	    0.000008	    0.000027	    0.000011
  3860	    0.002591	    0.004124	    0.004069	    0.000008	    0.000027	    0.000011
  3870	    0.002584	    0.004113	    0.004058	    0.000008	    0.000027	    0.000011
  3880	    0.002577	    0.004102	    0.004048	    0.000008	    0.000027	    0.000011
  3890	    0.002571	    0.004092	    0.004038	    0.000008	    0.000027	    0.000011
  3900	    0.002564	    0.004081	    0.004027	    0.000008	    0.000027	    0.000011
  3910	    0.002558	    0.004071	    0.004017	    0.000008	    0.000027	    0.000011
  3920	    0.002551	    0.004060	    0.004007	    0.000008	    0.000027	    0.000010
  3930	    0.002545	    0.004050	    0.003997	    0.000008	    0.000027	    0.000010
  3940	    0.002538	    0.004040	    0.003987	    0.000008	    0.000026	    0.000010
  3950	    0.002532	    0.004029	    0.003976	    0.000008	    0.000026	    0.000010
  3960	    0.002525	    0.004019	    0.003966	    0.000008	    0.000026	    0.000010
  3970	    0.002519	    0.004009	    0.003957	    0.000008	    0.000026	    0.000010
  3980	    0.002513	    0.003999	    0.003947	    0.000008	    0.000026	    0.000010
  3990	    0.002506	    0.003989	    0.003937	    0.000008	    0.000026	    0.000010
  4000	    0.002500	    0.003979	    0.003927	    0.000008	    0.000026	    0.000010
  4010	    0.002494	    0.003969	    0.003917	    0.000008	    0.000026	    0.000010
  4020	    0.002488	    0.003959	    0.003907	    0.000008	    0.000026	    0.000010
  4030	    0.002481	    0.003949	    0.003898	    0.000007	    0.000026	    0.000010
  4040	    0.002475	    0.003939	    0.003888	    0.000007	    0.000026	    0.000010
  4050	    0.002469	    0.003929	    0.003879	    0.000007	    0.000025	    0.000010
  4060	    0.002463	    0.003920	    0.003869	    0.000007	    0.000025	    0.000010
  4070	    0.002457	    0.003910	    0.003860	    0.000007	    0.000025	    0.000010
  4080	    0.002451	    0.003900	    0.003850	    0.000007	    0.000025	    0.000010
  4090	    0.002445	    0.003891	    0.003841	    0.000007	    0.000025	    0.000010
  4100	    0.002439	    0.003881	    0.003831	    0.000007	    0.000025	    0.000010
  4110	    0.002433	    0.003872	    0.003822	    0.000007	    0.000025	    0.000010
  4120	    0.002427	    0.003862	    0.003813	    0.000007	    0.000025	    0.000010
  4130	    0.002421	    0.003853	    0.003804	    0.000007	    0.000025	    0.000010
  4140	    0.002415	    0.003844	    0.003795	    0.000007	    0.000025	    0.000010
  4150	    0.002410	    0.003834	    0.003785	    0.000007	    0.000025	    0.000010
  4160	    0.002404	    0.003825	    0.003776	    0.000007	    0.000024	    0.000010
  4170	    0.002398	    0.003816	    0.003767	    0.000007	    0.000024	    0.000010
  4180	    0.002392	    0.003807	    0.003758	    0.000007	    0.000024	    0.000009
  4190	    0.002387	    0.003798	    0.003749	    0.000007	    0.000024	    0.000009
  4200	    0.002381	    0.003789	    0.003741	    0.000007	    0.000024	    0.000009
  4210	    0.002375	    0.003780	    0.003732	    0.000007	    0.000024	    0.000009
  4220	    0.002370	    0.003771	    0.003723	    0.000007	    0.000024	    0.000009
  4230	    0.002364	    0.003762	    0.003714	    0.000007	    0.000024	    0.000009
  4240	    0.002358	    0.003753	    0.003705	    0.000007	    0.000024	    0.000009
  4250	    0.002353	    0.003744	    0.003697	    0.000007	    0.000024	    0.000009
  4260	    0.002347	    0.003735	    0.003688	    0.000007	    0.000024	    0.000009
  4270	    0.002342	    0.003726	    0.003679	    0.000007	    0.000023	    0.000009
  4280	    0.002336	    0.003718	    0.003671	    0.000007	    0.000023	    0.000009
  4290	    0.002331	    0.003709	    0.003662	    0.000007	    0.000023	    0.000009
  4300	    0.002326	    0.003700	    0.003654	    0.000007	    0.000023	    0.000009
  4310	    0.002320	    0.003692	    0.003645	    0.000007	    0.000023	    0.000009
  4320	    0.002315	    0.003683	    0.003637	    0.000007	    0.000023	    0.000009
  4330	    0.002309	    0.003675	    0.003629	    0.000007	    0.000023	    0.000009
  4340	    0.002304	    0.003666	    0.003620	    0.000007	    0.000023	    0.000009
  4350	    0.002299	    0.003658	    0.003612	    0.000007	    0.000023	    0.000009
  4360	    0.002294	    0.003649	    0.003604	    0.000007	    0.000023	    0.000009
  4370	    0.002288	    0.003641	    0.003595	    0.000007	    0.000023	    0.000009
  4380	    0.002283	    0.003633	    0.003587	    0.000007	    0.000023	    0.000009
  4390	    0.002278	    0.003624	    0.003579	    0.000007	    0.000023	    0.000009
  4400	    0.002273	    0.003616	    0.003571	    0.000007	    0.000022	    0.000009
  4410	    0.002268	    0.003608	    0.003563	    0.000007	    0.000022	    0.000009
  4420	    0.002262	    0.003600	    0.003555	    0.000007	    0.000022	    0.000009
  4430	    0.002257	    0.003591	    0.003547	    0.000006	    0.000022	    0.000009
  4440	    0.002252	    0.003583	    0.003539	    0.000006	    0.000022	    0.000009
  4450	    0.002247	    0.003575	    0.003531	    0.000006	    0.000022	    0.000009
  4460	    0.002242	    0.003567	    0.003523	    0.000006	    0.000022	    0.000009
  4470	    0.002237	    0.003559	    0.003515	    0.000006	    0.000022	    0.000009
  4480	    0.002232	    0.003551	    0.003507	    0.000006	    0.000022	    0.000009
  4490	    0.002227	    0.003543	    0.003500	    0.000006	    0.000022	    0.000009
  4500	    0.002222	    0.003535	    0.003492	    0.000006	    0.000022	    0.000009
  4510	    0.002217	    0.003527	    0.003484	    0.000006	    0.000022	    0.000008
  4520	    0.002212	    0.003520	    0.003477	    0.000006	    0.000022	    0.000008
  4530	    0.002208	    0.003512	    0.003469	    0.000006	    0.000021	    0.000008
  4540	    0.002203	    0.003504	    0.003461	    0.000006	    0.000021	    0.000008
  4550	    0.002198	    0.003496	    0.003454	    0.000006	    0.000021	    0.000008
  4560	    0.002193	    0.003489	    0.003446	    0.000006	    0.000021	    0.000008
  4570	    0.002188	    0.003481	    0.003439	    0.000006	    0.000021	    0.000008
  4580	    0.002183	    0.003473	    0.003431	    0.000006	    0.000021	    0.000008
  4590	    0.002179	    0.003466	    0.003424	    0.000006	    0.000021	    0.000008
  4600	    0.002174	    0.003458	    0.003416	    0.000006	    0.000021	    0.000008
  4610	    0.002169	    0.003451	    0.003409	    0.000006	    0.000021	    0.000008
  4620	    0.002165	    0.003443	    0.003402	    0.000006	    0.000021	    0.000008
  4630	    0.002160	    0.003436	    0.003394	    0.000006	    0.000021	    0.000008
  4640	    0.002155	    0.003428	    0.003387	    0.000006	    0.000021	    0.000008
  4650	    0.002151	    0.003421	    0.003380	    0.000006	    0.000021	    0.000008
  4660	    0.002146	    0.003414	    0.003372	    0.000006	    0.000021	    0.000008
  4670	    0.002141	    0.003406	    0.003365	    0.000006	    0.000021	    0.000008
  4680	    0.002137	    0.003399	    0.003358	    0.000006	    0.000020	    0.000008
  4690	    0.002132	    0.003392	    0.003351	    0.000006	    0.000020	    0.000008
  4700	    0.002128	    0.003384	    0.003344	    0.000006	    0.000020	    0.000008
  4710	    0.002123	    0.003377	    0.003337	    0.000006	    0.000020	    0.000008
  4720	    0.002119	    0.003370	    0.003330	    0.000006	    0.000020	    0.000008
  4730	    0.002114	    0.003363	    0.003323	    0.000006	    0.000020	    0.000008
  4740	    0.002110	    0.003356	    0.003316	    0.000006	    0.000020	    0.000008
  4750	    0.002105	    0.003349	    0.003309	    0.000006	    0.000020	    0.000008
  4760	    0.002101	    0.003342	    0.003302	    0.000006	    0.000020	    0.000008
  4770	    0.002096	    0.003335	    0.003295	    0.000006	    0.000020	    0.000008
  4780	    0.002092	    0.003328	    0.003288	    0.000006	    0.000020	    0.000008
  4790	    0.002088	    0.003321	    0.003281	    0.000006	    0.000020	    0.000008
  4800	    0.002083	    0.003314	    0.003274	    0.000006	    0.000020	    0.000008
  4810	    0.002079	    0.003307	    0.003268	    0.000006	    0.000020	    0.000008
  4820	    0.002075	    0.003300	    0.003261	    0.000006	    0.000020	    0.000008
  4830	    0.002070	    0.003293	    0.003254	    0.000006	    0.000020	    0.000008
  4840	    0.002066	    0.003286	    0.003247	    0.000006	    0.000019	    0.000008
  4850	    0.002062	    0.003279	    0.003241	    0.000006	    0.000019	    0.000008
  4860	    0.002058	    0.003273	    0.003234	    0.000006	    0.000019	    0.000008
  4870	    0.002053	    0.003266	    0.003227	    0.000006	    0.000019	    0.000008
  4880	    0.002049	    0.003259	    0.003221	    0.000006	    0.000019	    0.000008
  4890	    0.002045	    0.003253	    0.003214	    0.000006	    0.000019	    0.000008
  4900	    0.002041	    0.003246	    0.003208	    0.000006	    0.000019	    0.000007
  4910	    0.002037	    0.003239	    0.003201	    0.000006	    0.000019	    0.000007
  4920	    0.002033	    0.003233	    0.003195	    0.000006	    0.000019	    0.000007
  4930	    0.002028	    0.003226	    0.003188	    0.000006	    0.000019	    0.000007
  4940	    0.002024	    0.003220	    0.003182	    0.000006	    0.000019	    0.000007
  4950	    0.002020	    0.003213	    0.003175	    0.000006	    0.000019	    0.000007
  4960	    0.002016	    0.003207	    0.003169	    0.000005	    0.000019	    0.000007
  4970	    0.002012	    0.003200	    0.003163	    0.000005	    0.000019	    0.000007
  4980	    0.002008	    0.003194	    0.003156	    0.000005	    0.000019	    0.000007
  4990	    0.002004	    0.003187	    0.003150	    0.000005	    0.000019	    0.000007
  5000	    0.002000	    0.003181	    0.003144	    0.000005	    0.000019	    0.000007
  5010	    0.001996	    0.003174	    0.003137	    0.000005	    0.000018	    0.000007
  5020	    0.001992	    0.003168	    0.003131	    0.000005	    0.000018	    0.000007
  5030	    0.001988	    0.003162	    0.003125	    0.000005	    0.000018	    0.000007
  5040	    0.001984	    0.003156	    0.003119	    0.000005	    0.000018	    0.000007
  5050	    0.001980	    0.003149	    0.003113	    0.000005	    0.000018	    0.000007
  5060	    0.001976	    0.003143	    0.003107	    0.000005	    0.000018	    0.000007
  5070	    0.001972	    0.003137	    0.003100	    0.000005	    0.000018	    0.000007
  5080	    0.001969	    0.003131	    0.003094	    0.000005	    0.000018	    0.000007
  5090	    0.001965	    0.003124	    0.003088	    0.000005	    0.000018	    0.000007
  5100	    0.001961	    0.003118	    0.003082	    0.000005	    0.000018	    0.000007
  5110	    0.001957	    0.003112	    0.003076	    0.000005	    0.000018	    0.000007
  5120	    0.001953	    0.003106	    0.003070	    0.000005	    0.000018	    0.000007
  5130	    0.001949	    0.003100	    0.003064	    0.000005	    0.000018	    0.000007
  5140	    0.001946	    0.003094	    0.003058	    0.000005	    0.000018	    0.000007
  5150	    0.001942	    0.003088	    0.003052	    0.000005	    0.000018	    0.000007
  5160	    0.001938	    0.003082	    0.003047	    0.000005	    0.000018	    0.000007
  5170	    0.001934	    0.003076	    0.003041	    0.000005	    0.000018	    0.000007
  5180	    0.001931	    0.003070	    0.003035	    0.000005	    0.000018	    0.000007
  5190	    0.001927	    0.003064	    0.003029	    0.000005	    0.000018	    0.000007
  5200	    0.001923	    0.003058	    0.003023	    0.000005	    0.000017	    0.000007
  5210	    0.001919	    0.003052	    0.003017	    0.000005	    0.000017	    0.000007
  5220	    0.001916	    0.003046	    0.003012	    0.000005	    0.000017	    0.000007
  5230	    0.001912	    0.003041	    0.003006	    0.000005	    0.000017	    0.000007
  5240	    0.001908	    0.003035	    0.003000	    0.000005	    0.000017	    0.000007
  5250	    0.001905	    0.003029	    0.002994	    0.000005	    0.000017	    0.000007
  5260	    0.001901	    0.003023	    0.002989	    0.000005	    0.000017	    0.000007
  5270	    0.001898	    0.003017	    0.002983	    0.000005	    0.000017	    0.000007
  5280	    0.001894	    0.003012	    0.002977	    0.000005	    0.000017	    0.000007
  5290	    0.001890	    0.003006	    0.002972	    0.000005	    0.000017	    0.000007
  5300	    0.001887	    0.003000	    0.002966	    0.000005	    0.000017	    0.000007
  5310	    0.001883	    0.002995	    0.002961	    0.000005	    0.000017	    0.000007
  5320	    0.001880	    0.002989	    0.002955	    0.000005	    0.000017	    0.000007
  5330	    0.001876	    0.002983	    0.002950	    0.000005	    0.000017	    0.000007
  5340	    0.001873	    0.002978	    0.002944	    0.000005	    0.000017	    0.000007
  5350	    0.001869	    0.002972	    0.002939	    0.000005	    0.000017	    0.000007
  5360	    0.001866	    0.002967	    0.002933	    0.000005	    0.000017	    0.000007
  5370	    0.001862	    0.002961	    0.002928	    0.000005	    0.000017	    0.000007
  5380	    0.001859	    0.002956	    0.002922	    0.000005	    0.000017	    0.000007
  5390	    0.001855	    0.002950	    0.002917	    0.000005	    0.000017	    0.000006
  5400	    0.001852	    0.002945	    0.002912	    0.000005	    0.000017	    0.000006
  5410	    0.001848	    0.002939	    0.002906	    0.000005	    0.000016	    0.000006
  5420	    0.001845	    0.002934	    0.002901	    0.000005	    0.000016	    0.000006
  5430	    0.001842	    0.002928	    0.002895	    0.000005	    0.000016	    0.000006
  5440	    0.001838	    0.002923	    0.002890	    0.000005	    0.000016	    0.000006
  5450	    0.001835	    0.002917	    0.002885	    0.000005	    0.000016	    0.000006
  5460	    0.001832	    0.002912	    0.002880	    0.000005	    0.000016	    0.000006
  5470	    0.001828	    0.002907	    0.002874	    0.000005	    0.000016	    0.000006
  5480	    0.001825	    0.002901	    0.002869	    0.000005	    0.000016	    0.000006
  5490	    0.001821	    0.002896	    0.002864	    0.000005	    0.000016	    0.000006
  5500	    0.001818	    0.002891	    0.002859	    0.000005	    0.000016	    0.000006
  5510	    0.001815	    0.002886	    0.002854	    0.000005	    0.000016	    0.000006
  5520	    0.001812	    0.002880	    0.002848	    0.000005	    0.000016	    0.000006
  5530	    0.001808	    0.002875	    0.002843	    0.000005	    0.000016	    0.000006
  5540	    0.001805	    0.002870	    0.002838	    0.000005	    0.000016	    0.000006
  5550	    0.001802	    0.002865	    0.002833	    0.000005	    0.000016	    0.000006
  5560	    0.001799	    0.002860	    0.002828	    0.000005	    0.000016	    0.000006
  5570	    0.001795	    0.002854	    0.002823	    0.000005	    0.000016	    0.000006
  5580	    0.001792	    0.002849	    0.002818	    0.000005	    0.000016	    0.000006
  5590	    0.001789	    0.002844	    0.002813	    0.000005	    0.000016	    0.000006
  5600	    0.001786	    0.002839	    0.002808	    0.000005	    0.000016	    0.000006
  5610	    0.001783	    0.002834	    0.002803	    0.000005	    0.000016	    0.000006
  5620	    0.001779	    0.002829	    0.002798	    0.000005	    0.000016	    0.000006
  5630	    0.001776	    0.002824	    0.002793	    0.000005	    0.000016	    0.000006
  5640	    0.001773	    0.002819	    0.002788	    0.000005	    0.000015	    0.000006
  5650	    0.001770	    0.002814	    0.002783	    0.000005	    0.000015	    0.000006
  5660	    0.001767	    0.002809	    0.002778	    0.000005	    0.000015	    0.000006
  5670	    0.001764	    0.002804	    0.002773	    0.000004	    0.000015	    0.000006
  5680	    0.001761	    0.002799	    0.002768	    0.000004	    0.000015	    0.000006
  5690	    0.001757	    0.002794	    0.002764	    0.000004	    0.000015	    0.000006
  5700	    0.001754	    0.002789	    0.002759	    0.000004	    0.000015	    0.000006
  5710	    0.001751	    0.002784	    0.002754	    0.000004	    0.000015	    0.000006
  5720	    0.001748	    0.002779	    0.002749	    0.000004	    0.000015	    0.000006
  5730	    0.001745	    0.002775	    0.002744	    0.000004	    0.000015	    0.000006
  5740	    0.001742	    0.002770	    0.002740	    0.000004	    0.000015	    0.000006
  5750	    0.001739	    0.002765	    0.002735	    0.000004	    0.000015	    0.000006
  5760	    0.001736	    0.002760	    0.002730	    0.000004	    0.000015	    0.000006
  5770	    0.001733	    0.002755	    0.002725	    0.000004	    0.000015	    0.000006
  5780	    0.001730	    0.002750	    0.002721	    0.000004	    0.000015	    0.000006
  5790	    0.001727	    0.002746	    0.002716	    0.000004	    0.000015	    0.000006
  5800	    0.001724	    0.002741	    0.002711	    0.000004	    0.000015	    0.000006
  5810	    0.001721	    0.002736	    0.002707	    0.000004	    0.000015	    0.000006
  5820	    0.001718	    0.002732	    0.002702	    0.000004	    0.000015	    0.000006
  5830	    0.001715	    0.002727	    0.002697	    0.000004	    0.000015	    0.000006
  5840	    0.001712	    0.002722	    0.002693	    0.000004	    0.000015	    0.000006
  5850	    0.001709	    0.002717	    0.002688	    0.000004	    0.000015	    0.000006
  5860	    0.001706	    0.002713	    0.002684	    0.000004	    0.000015	    0.000006
  5870	    0.001704	    0.002708	    0.002679	    0.000004	    0.000015	    0.000006
  5880	    0.001701	    0.002704	    0.002674	    0.000004	    0.000015	    0.000006
  5890	    0.001698	    0.002699	    0.002670	    0.000004	    0.000015	    0.000006
  5900	    0.001695	    0.002694	    0.002665	    0.000004	    0.000014	    0.000006
  5910	    0.001692	    0.002690	    0.002661	    0.000004	    0.000014	    0.000006
  5920	    0.001689	    0.002685	    0.002656	    0.000004	    0.000014	    0.000006
  5930	    0.001686	    0.002681	    0.002652	    0.000004	    0.000014	    0.000006
  5940	    0.001684	    0.002676	    0.002648	    0.000004	    0.000014	    0.000006
  5950	    0.001681	    0.002672	    0.002643	    0.000004	    0.000014	    0.000006
  5960	    0.001678	    0.002667	    0.002639	    0.000004	    0.000014	    0.000006
  5970	    0.001675	    0.002663	    0.002634	    0.000004	    0.000014	    0.000006
  5980	    0.001672	    0.002658	    0.002630	    0.000004	    0.000014	    0.000006
  5990	    0.001669	    0.002654	    0.002625	    0.000004	    0.000014	    0.000006
  6000	    0.001667	    0.002649	    0.002621	    0.000004	    0.000014	    0.000006
  6010	    0.001664	    0.002645	    0.002617	    0.000004	    0.000014	    0.000006
  6020	    0.001661	    0.002641	    0.002612	    0.000004	    0.000014	    0.000005
  6030	    0.001658	    0.002636	    0.002608	    0.000004	    0.000014	    0.000005
  6040	    0.001656	    0.002632	    0.002604	    0.000004	    0.000014	    0.000005
  6050	    0.001653	    0.002627	    0.002600	    0.000004	    0.000014	    0.000005
  6060	    0.001650	    0.002623	    0.002595	    0.000004	    0.000014	    0.000005
  6070	    0.001647	    0.002619	    0.002591	    0.000004	    0.000014	    0.000005
  6080	    0.001645	    0.002614	    0.002587	    0.000004	    0.000014	    0.000005
  6090	    0.001642	    0.002610	    0.002582	    0.000004	    0.000014	    0.000005
  6100	    0.001639	    0.002606	    0.002578	    0.000004	    0.000014	    0.000005
  6110	    0.001637	    0.002602	    0.002574	    0.000004	    0.000014	    0.000005
  6120	    0.001634	    0.002597	    0.002570	    0.000004	    0.000014	    0.000005
  6130	    0.001631	    0.002593	    0.002566	    0.000004	    0.000014	    0.000005
  6140	    0.001629	    0.002589	    0.002562	    0.000004	    0.000014	    0.000005
  6150	    0.001626	    0.002585	    0.002557	    0.000004	    0.000014	    0.000005
  6160	    0.001623	    0.002580	    0.002553	    0.000004	    0.000014	    0.000005
  6170	    0.001621	    0.002576	    0.002549	    0.000004	    0.000014	    0.000005
  6180	    0.001618	    0.002572	    0.002545	    0.000004	    0.000013	    0.000005
  6190	    0.001616	    0.002568	    0.002541	    0.000004	    0.000013	    0.000005
  6200	    0.001613	    0.002564	    0.002537	    0.000004	    0.000013	    0.000005
  6210	    0.001610	    0.002560	    0.002533	    0.000004	    0.000013	    0.000005
  6220	    0.001608	    0.002555	    0.002529	    0.000004	    0.000013	    0.000005
  6230	    0.001605	    0.002551	    0.002525	    0.000004	    0.000013	    0.000005
  6240	    0.001603	    0.002547	    0.002521	    0.000004	    0.000013	    0.000005
  6250	    0.001600	    0.002543	    0.002517	    0.000004	    0.000013	    0.000005
  6260	    0.001597	    0.002539	    0.002513	    0.000004	    0.000013	    0.000005
  6270	    0.001595	    0.002535	    0.002509	    0.000004	    0.000013	    0.000005
  6280	    0.001592	    0.002531	    0.002505	    0.000004	    0.000013	    0.000005
  6290	    0.001590	    0.002527	    0.002501	    0.000004	    0.000013	    0.000005
  6300	    0.001587	    0.002523	    0.002497	    0.000004	    0.000013	    0.000005
  6310	    0.001585	    0.002519	    0.002493	    0.000004	    0.000013	    0.000005
  6320	    0.001582	    0.002515	    0.002489	    0.000004	    0.000013	    0.000005
  6330	    0.001580	    0.002511	    0.002485	    0.000004	    0.000013	    0.000005
  6340	    0.001577	    0.002507	    0.002481	    0.000004	    0.000013	    0.000005
  6350	    0.001575	    0.002503	    0.002477	    0.000004	    0.000013	    0.000005
  6360	    0.001572	    0.002499	    0.002473	    0.000004	    0.000013	    0.000005
  6370	    0.001570	    0.002495	    0.002469	    0.000004	    0.000013	    0.000005
  6380	    0.001567	    0.002491	    0.002465	    0.000004	    0.000013	    0.000005
  6390	    0.001565	    0.002487	    0.002462	    0.000004	    0.000013	    0.000005
  6400	    0.001563	    0.002483	    0.002458	    0.000004	    0.000013	    0.000005
  6410	    0.001560	    0.002479	    0.002454	    0.000004	    0.000013	    0.000005
  6420	    0.001558	    0.002476	    0.002450	    0.000004	    0.000013	    0.000005
  6430	    0.001555	    0.002472	    0.002446	    0.000004	    0.000013	    0.000005
  6440	    0.001553	    0.002468	    0.002442	    0.000004	    0.000013	    0.000005
  6450	    0.001550	    0.002464	    0.002439	    0.000004	    0.000013	    0.000005
  6460	    0.001548	    0.002460	    0.002435	    0.000004	    0.000013	    0.000005
  6470	    0.001546	    0.002456	    0.002431	    0.000004	    0.000013	    0.000005
  6480	    0.001543	    0.002453	    0.002427	    0.000004	    0.000013	    0.000005
  6490	    0.001541	    0.002449	    0.002424	    0.000004	    0.000013	    0.000005
  6500	    0.001538	    0.002445	    0.002420	    0.000004	    0.000013	    0.000005
  6510	    0.001536	    0.002441	    0.002416	    0.000004	    0.000012	    0.000005
  6520	    0.001534	    0.002438	    0.002413	    0.000004	    0.000012	    0.000005
  6530	    0.001531	    0.002434	    0.002409	    0.000004	    0.000012	    0.000005
  6540	    0.001529	    0.002430	    0.002405	    0.000004	    0.000012	    0.000005
  6550	    0.001527	    0.002426	    0.002402	    0.000004	    0.000012	    0.000005
  6560	    0.001524	    0.002423	    0.002398	    0.000004	    0.000012	    0.000005
  6570	    0.001522	    0.002419	    0.002394	    0.000004	    0.000012	    0.000005
  6580	    0.001520	    0.002415	    0.002391	    0.000004	    0.000012	    0.000005
  6590	    0.001517	    0.002412	    0.002387	    0.000004	    0.000012	    0.000005
  6600	    0.001515	    0.002408	    0.002383	    0.000004	    0.000012	    0.000005
  6610	    0.001513	    0.002404	    0.002380	    0.000004	    0.000012	    0.000005
  6620	    0.001511	    0.002401	    0.002376	    0.000004	    0.000012	    0.000005
  6630	    0.001508	    0.002397	    0.002373	    0.000004	    0.000012	    0.000005
  6640	    0.001506	    0.002393	    0.002369	    0.000004	    0.000012	    0.000005
  6650	    0.001504	    0.002390	    0.002366	    0.000004	    0.000012	    0.000005
  6660	    0.001502	    0.002386	    0.002362	    0.000004	    0.000012	    0.000005
  6670	    0.001499	    0.002383	    0.002358	    0.000004	    0.000012	    0.000005
  6680	    0.001497	    0.002379	    0.002355	    0.000004	    0.000012	    0.000005
  6690	    0.001495	    0.002375	    0.002351	    0.000004	    0.000012	    0.000005
  6700	    0.001493	    0.002372	    0.002348	    0.000003	    0.000012	    0.000005
  6710	    0.001490	    0.002368	    0.002344	    0.000003	    0.000012	    0.000005
  6720	    0.001488	    0.002365	    0.002341	    0.000003	    0.000012	    0.000005
  6730	    0.001486	    0.002361	    0.002338	    0.000003	    0.000012	    0.000005
  6740	    0.001484	    0.002358	    0.002334	    0.000003	    0.000012	    0.000005
  6750	    0.001481	    0.002354	    0.002331	    0.000003	    0.000012	    0.000005
  6760	    0.001479	    0.002351	    0.002327	    0.000003	    0.000012	    0.000005
  6770	    0.001477	    0.002347	    0.002324	    0.000003	    0.000012	    0.000005
  6780	    0.001475	    0.002344	    0.002320	    0.000003	    0.000012	    0.000005
  6790	    0.001473	    0.002340	    0.002317	    0.000003	    0.000012	    0.000005
  6800	    0.001471	    0.002337	    0.002314	    0.000003	    0.000012	    0.000005
  6810	    0.001468	    0.002333	    0.002310	    0.000003	    0.000012	    0.000005
  6820	    0.001466	    0.002330	    0.002307	    0.000003	    0.000012	    0.000005
  6830	    0.001464	    0.002327	    0.002303	    0.000003	    0.000012	    0.000005
  6840	    0.001462	    0.002323	    0.002300	    0.000003	    0.000012	    0.000005
  6850	    0.001460	    0.002320	    0.002297	    0.000003	    0.000012	    0.000005
  6860	    0.001458	    0.002316	    0.002293	    0.000003	    0.000012	    0.000005
  6870	    0.001456	    0.002313	    0.002290	    0.000003	    0.000012	    0.000005
  6880	    0.001453	    0.002310	    0.002287	    0.000003	    0.000011	    0.000004
  6890	    0.001451	    0.002306	    0.002283	    0.000003	    0.000011	    0.000004
  6900	    0.001449	    0.002303	    0.002280	    0.000003	    0.000011	    0.000004
  6910	    0.001447	    0.002300	    0.002277	    0.000003	    0.000011	    0.000004
  6920	    0.001445	    0.002296	    0.002273	    0.000003	    0.000011	    0.000004
  6930	    0.001443	    0.002293	    0.002270	    0.000003	    0.000011	    0.000004
  6940	    0.001441	    0.002290	    0.002267	    0.000003	    0.000011	    0.000004
  6950	    0.001439	    0.002286	    0.002264	    0.000003	    0.000011	    0.000004
  6960	    0.001437	    0.002283	    0.002260	    0.000003	    0.000011	    0.000004
  6970	    0.001435	    0.002280	    0.002257	    0.000003	    0.000011	    0.000004
  6980	    0.001433	    0.002276	    0.002254	    0.000003	    0.000011	    0.000004
  6990	    0.001431	    0.002273	    0.002251	    0.000003	    0.000011	    0.000004
  7000	    0.001429	    0.002270	    0.002248	    0.000003	    0.000011	    0.000004
  7010	    0.001427	    0.002267	    0.002244	    0.000003	    0.000011	    0.000004
  7020	    0.001425	    0.002263	    0.002241	    0.000003	    0.000011	    0.000004
  7030	    0.001422	    0.002260	    0.002238	    0.000003	    0.000011	    0.000004
  7040	    0.001420	    0.002257	    0.002235	    0.000003	    0.000011	    0.000004
  7050	    0.001418	    0.002254	    0.002232	    0.000003	    0.000011	    0.000004
  7060	    0.001416	    0.002251	    0.002229	    0.000003	    0.000011	    0.000004
  7070	    0.001414	    0.002247	    0.002225	    0.000003	    0.000011	    0.000004
  7080	    0.001412	    0.002244	    0.002222	    0.000003	    0.000011	    0.000004
  7090	    0.001410	    0.002241	    0.002219	    0.000003	    0.000011	    0.000004
  7100	    0.001408	    0.002238	    0.002216	    0.000003	    0.000011	    0.000004
  7110	    0.001406	    0.002235	    0.002213	    0.000003	    0.000011	    0.000004
  7120	    0.001404	    0.002232	    0.002210	    0.000003	    0.000011	    0.000004
  7130	    0.001403	    0.002228	    0.002207	    0.000003	    0.000011	    0.000004
  7140	    0.001401	    0.002225	    0.002204	    0.000003	    0.000011	    0.000004
  7150	    0.001399	    0.002222	    0.002201	    0.000003	    0.000011	    0.000004
  7160	    0.001397	    0.002219	    0.002197	    0.000003	    0.000011	    0.000004
  7170	    0.001395	    0.002216	    0.002194	    0.000003	    0.000011	    0.000004
  7180	    0.001393	    0.002213	    0.002191	    0.000003	    0.000011	    0.000004
  7190	    0.001391	    0.002210	    0.002188	    0.000003	    0.000011	    0.000004
  7200	    0.001389	    0.002207	    0.002185	    0.000003	    0.000011	    0.000004
  7210	    0.001387	    0.002204	    0.002182	    0.000003	    0.000011	    0.000004
  7220	    0.001385	    0.002201	    0.002179	    0.000003	    0.000011	    0.000004
  7230	    0.001383	    0.002198	    0.002176	    0.000003	    0.000011	    0.000004
  7240	    0.001381	    0.002195	    0.002173	    0.000003	    0.000011	    0.000004
  7250	    0.001379	    0.002192	    0.002170	    0.000003	    0.000011	    0.000004
  7260	    0.001377	    0.002188	    0.002167	    0.000003	    0.000011	    0.000004
  7270	    0.001376	    0.002185	    0.002164	    0.000003	    0.000011	    0.000004
  7280	    0.001374	    0.002182	    0.002161	    0.000003	    0.000011	    0.000004
  7290	    0.001372	    0.002179	    0.002158	    0.000003	    0.000011	    0.000004
  7300	    0.001370	    0.002176	    0.002155	    0.000003	    0.000011	    0.000004
  7310	    0.001368	    0.002173	    0.002152	    0.000003	    0.000010	    0.000004
  7320	    0.001366	    0.002170	    0.002150	    0.000003	    0.000010	    0.000004
  7330	    0.001364	    0.002168	    0.002147	    0.000003	    0.000010	    0.000004
  7340	    0.001362	    0.002165	    0.002144	    0.000003	    0.000010	    0.000004
  7350	    0.001361	    0.002162	    0.002141	    0.000003	    0.000010	    0.000004
  7360	    0.001359	    0.002159	    0.002138	    0.000003	    0.000010	    0.000004
  7370	    0.001357	    0.002156	    0.002135	    0.000003	    0.000010	    0.000004
  7380	    0.001355	    0.002153	    0.002132	    0.000003	    0.000010	    0.000004
  7390	    0.001353	    0.002150	    0.002129	    0.000003	    0.000010	    0.000004
  7400	    0.001351	    0.002147	    0.002126	    0.000003	    0.000010	    0.000004
  7410	    0.001350	    0.002144	    0.002124	    0.000003	    0.000010	    0.000004
  7420	    0.001348	    0.002141	    0.002121	    0.000003	    0.000010	    0.000004
  7430	    0.001346	    0.002138	    0.002118	    0.000003	    0.000010	    0.000004
  7440	    0.001344	    0.002135	    0.002115	    0.000003	    0.000010	    0.000004
  7450	    0.001342	    0.002133	    0.002112	    0.000003	    0.000010	    0.000004
  7460	    0.001340	    0.002130	    0.002109	    0.000003	    0.000010	    0.000004
  7470	    0.001339	    0.002127	    0.002106	    0.000003	    0.000010	    0.000004
  7480	    0.001337	    0.002124	    0.002104	    0.000003	    0.000010	    0.000004
  7490	    0.001335	    0.002121	    0.002101	    0.000003	    0.000010	    0.000004
  7500	    0.001333	    0.002118	    0.002098	    0.000003	    0.000010	    0.000004
  7510	    0.001332	    0.002115	    0.002095	    0.000003	    0.000010	    0.000004
  7520	    0.001330	    0.002113	    0.002093	    0.000003	    0.000010	    0.000004
  7530	    0.001328	    0.002110	    0.002090	    0.000003	    0.000010	    0.000004
  7540	    0.001326	    0.002107	    0.002087	    0.000003	    0.000010	    0.000004
  7550	    0.001325	    0.002104	    0.002084	    0.000003	    0.000010	    0.000004
  7560	    0.001323	    0.002101	    0.002081	    0.000003	    0.000010	    0.000004
  7570	    0.001321	    0.002099	    0.002079	    0.000003	    0.000010	    0.000004
  7580	    0.001319	    0.002096	    0.002076	    0.000003	    0.000010	    0.000004
  7590	    0.001318	    0.002093	    0.002073	    0.000003	    0.000010	    0.000004
  7600	    0.001316	    0.002090	    0.002071	    0.000003	    0.000010	    0.000004
  7610	    0.001314	    0.002088	    0.002068	    0.000003	    0.000010	    0.000004
  7620	    0.001312	    0.002085	    0.002065	    0.000003	    0.000010	    0.000004
  7630	    0.001311	    0.002082	    0.002062	    0.000003	    0.000010	    0.000004
  7640	    0.001309	    0.002079	    0.002060	    0.000003	    0.000010	    0.000004
  7650	    0.001307	    0.002077	    0.002057	    0.000003	    0.000010	    0.000004
  7660	    0.001305	    0.002074	    0.002054	    0.000003	    0.000010	    0.000004
  7670	    0.001304	    0.002071	    0.002052	    0.000003	    0.000010	    0.000004
  7680	    0.001302	    0.002069	    0.002049	    0.000003	    0.000010	    0.000004
  7690	    0.001300	    0.002066	    0.002046	    0.000003	    0.000010	    0.000004
  7700	    0.001299	    0.002063	    0.002044	    0.000003	    0.000010	    0.000004
  7710	    0.001297	    0.002060	    0.002041	    0.000003	    0.000010	    0.000004
  7720	    0.001295	    0.002058	    0.002038	    0.000003	    0.000010	    0.000004
  7730	    0.001294	    0.002055	    0.002036	    0.000003	    0.000010	    0.000004
  7740	    0.001292	    0.002052	    0.002033	    0.000003	    0.000010	    0.000004
  7750	    0.001290	    0.002050	    0.002031	    0.000003	    0.000010	    0.000004
  7760	    0.001289	    0.002047	    0.002028	    0.000003	    0.000010	    0.000004
  7770	    0.001287	    0.002045	    0.002025	    0.000003	    0.000010	    0.000004
  7780	    0.001285	    0.002042	    0.002023	    0.000003	    0.000010	    0.000004
  7790	    0.001284	    0.002039	    0.002020	    0.000003	    0.000010	    0.000004
  7800	    0.001282	    0.002037	    0.002018	    0.000003	    0.000010	    0.000004
  7810	    0.001280	    0.002034	    0.002015	    0.000003	    0.000010	    0.000004
  7820	    0.001279	    0.002031	    0.002012	    0.000003	    0.000009	    0.000004
  7830	    0.001277	    0.002029	    0.002010	    0.000003	    0.000009	    0.000004
  7840	    0.001276	    0.002026	    0.002007	    0.000003	    0.000009	    0.000004
  7850	    0.001274	    0.002024	    0.002005	    0.000003	    0.000009	    0.000004
  7860	    0.001272	    0.002021	    0.002002	    0.000003	    0.000009	    0.000004
  7870	    0.001271	    0.002018	    0.002000	    0.000003	    0.000009	    0.000004
  7880	    0.001269	    0.002016	    0.001997	    0.000003	    0.000009	    0.000004
  7890	    0.001267	    0.002013	    0.001995	    0.000003	    0.000009	    0.000004
  7900	    0.001266	    0.002011	    0.001992	    0.000003	    0.000009	    0.000004
  7910	    0.001264	    0.002008	    0.001990	    0.000003	    0.000009	    0.000004
  7920	    0.001263	    0.002006	    0.001987	    0.000003	    0.000009	    0.000004
  7930	    0.001261	    0.002003	    0.001985	    0.000003	    0.000009	    0.000004
  7940	    0.001259	    0.002001	    0.001982	    0.000003	    0.000009	    0.000004
  7950	    0.001258	    0.001998	    0.001980	    0.000003	    0.000009	    0.000004
  7960	    0.001256	    0.001996	    0.001977	    0.000003	    0.000009	    0.000004
  7970	    0.001255	    0.001993	    0.001975	    0.000003	    0.000009	    0.000004
  7980	    0.001253	    0.001991	    0.001972	    0.000003	    0.000009	    0.000004
  7990	    0.001252	    0.001988	    0.001970	    0.000003	    0.000009	    0.000004
  8000	    0.001250	    0.001986	    0.001967	    0.000003	    0.000009	    0.000004
  8010	    0.001248	    0.001983	    0.001965	    0.000003	    0.000009	    0.000004
  8020	    0.001247	    0.001981	    0.001962	    0.000003	    0.000009	    0.000004
  8030	    0.001245	    0.001978	    0.001960	    0.000003	    0.000009	    0.000004
  8040	    0.001244	    0.001976	    0.001957	    0.000003	    0.000009	    0.000004
  8050	    0.001242	    0.001973	    0.001955	    0.000003	    0.000009	    0.000004
  8060	    0.001241	    0.001971	    0.001953	    0.000003	    0.000009	    0.000004
  8070	    0.001239	    0.001968	    0.001950	    0.000003	    0.000009	    0.000004
  8080	    0.001238	    0.001966	    0.001948	    0.000003	    0.000009	    0.000004
  8090	    0.001236	    0.001963	    0.001945	    0.000003	    0.000009	    0.000004
  8100	    0.001235	    0.001961	    0.001943	    0.000003	    0.000009	    0.000004
  8110	    0.001233	    0.001959	    0.001941	    0.000003	    0.000009	    0.000004
  8120	    0.001232	    0.001956	    0.001938	    0.000003	    0.000009	    0.000004
  8130	    0.001230	    0.001954	    0.001936	    0.000003	    0.000009	    0.000004
  8140	    0.001229	    0.001951	    0.001933	    0.000003	    0.000009	    0.000003
  8150	    0.001227	    0.001949	    0.001931	    0.000003	    0.000009	    0.000003
  8160	    0.001225	    0.001947	    0.001929	    0.000003	    0.000009	    0.000003
  8170	    0.001224	    0.001944	    0.001926	    0.000003	    0.000009	    0.000003
  8180	    0.001222	    0.001942	    0.001924	    0.000003	    0.000009	    0.000003
  8190	    0.001221	    0.001939	    0.001922	    0.000003	    0.000009	    0.000003
  8200	    0.001220	    0.001937	    0.001919	    0.000003	    0.000009	    0.000003
  8210	    0.001218	    0.001935	    0.001917	    0.000003	    0.000009	    0.000003
  8220	    0.001217	    0.001932	    0.001915	    0.000003	    0.000009	    0.000003
  8230	    0.001215	    0.001930	    0.001912	    0.000003	    0.000009	    0.000003
  8240	    0.001214	    0.001928	    0.001910	    0.000003	    0.000009	    0.000003
  8250	    0.001212	    0.001925	    0.001908	    0.000003	    0.000009	    0.000003
  8260	    0.001211	    0.001923	    0.001905	    0.000003	    0.000009	    0.000003
  8270	    0.001209	    0.001921	    0.001903	    0.000003	    0.000009	    0.000003
  8280	    0.001208	    0.001918	    0.001901	    0.000003	    0.000009	    0.000003
  8290	    0.001206	    0.001916	    0.001899	    0.000003	    0.000009	    0.000003
  8300	    0.001205	    0.001914	    0.001896	    0.000003	    0.000009	    0.000003
  8310	    0.001203	    0.001911	    0.001894	    0.000003	    0.000009	    0.000003
  8320	    0.001202	    0.001909	    0.001892	    0.000003	    0.000009	    0.000003
  8330	    0.001200	    0.001907	    0.001889	    0.000003	    0.000009	    0.000003
  8340	    0.001199	    0.001904	    0.001887	    0.000003	    0.000009	    0.000003
  8350	    0.001198	    0.001902	    0.001885	    0.000003	    0.000009	    0.000003
  8360	    0.001196	    0.001900	    0.001883	    0.000003	    0.000009	    0.000003
  8370	    0.001195	    0.001898	    0.001880	    0.000003	    0.000009	    0.000003
  8380	    0.001193	    0.001895	    0.001878	    0.000003	    0.000009	    0.000003
  8390	    0.001192	    0.001893	    0.001876	    0.000002	    0.000009	    0.000003
  8400	    0.001190	    0.001891	    0.001874	    0.000002	    0.000009	    0.000003
  8410	    0.001189	    0.001889	    0.001872	    0.000002	    0.000009	    0.000003
  8420	    0.001188	    0.001886	    0.001869	    0.000002	    0.000008	    0.000003
  8430	    0.001186	    0.001884	    0.001867	    0.000002	    0.000008	    0.000003
  8440	    0.001185	    0.001882	    0.001865	    0.000002	    0.000008	    0.000003
  8450	    0.001183	    0.001880	    0.001863	    0.000002	    0.000008	    0.000003
  8460	    0.001182	    0.001877	    0.001861	    0.000002	    0.000008	    0.000003
  8470	    0.001181	    0.001875	    0.001858	    0.000002	    0.000008	    0.000003
  8480	    0.001179	    0.001873	    0.001856	    0.000002	    0.000008	    0.000003
  8490	    0.001178	    0.001871	    0.001854	    0.000002	    0.000008	    0.000003
  8500	    0.001176	    0.001869	    0.001852	    0.000002	    0.000008	    0.000003
  8510	    0.001175	    0.001866	    0.001850	    0.000002	    0.000008	    0.000003
  8520	    0.001174	    0.001864	    0.001847	    0.000002	    0.000008	    0.000003
  8530	    0.001172	    0.001862	    0.001845	    0.000002	    0.000008	    0.000003
  8540	    0.001171	    0.001860	    0.001843	    0.000002	    0.000008	    0.000003
  8550	    0.001170	    0.001858	    0.001841	    0.000002	    0.000008	    0.000003
  8560	    0.001168	    0.001855	    0.001839	    0.000002	    0.000008	    0.000003
  8570	    0.001167	    0.001853	    0.001837	    0.000002	    0.000008	    0.000003
  8580	    0.001166	    0.001851	    0.001835	    0.000002	    0.000008	    0.000003
  8590	    0.001164	    0.001849	    0.001832	    0.000002	    0.000008	    0.000003
  8600	    0.001163	    0.001847	    0.001830	    0.000002	    0.000008	    0.000003
  8610	    0.001161	    0.001845	    0.001828	    0.000002	    0.000008	    0.000003
  8620	    0.001160	    0.001842	    0.001826	    0.000002	    0.000008	    0.000003
  8630	    0.001159	    0.001840	    0.001824	    0.000002	    0.000008	    0.000003
  8640	    0.001157	    0.001838	    0.001822	    0.000002	    0.000008	    0.000003
  8650	    0.001156	    0.001836	    0.001820	    0.000002	    0.000008	    0.000003
  8660	    0.001155	    0.001834	    0.001818	    0.000002	    0.000008	    0.000003
  8670	    0.001153	    0.001832	    0.001816	    0.000002	    0.000008	    0.000003
  8680	    0.001152	    0.001830	    0.001813	    0.000002	    0.000008	    0.000003
  8690	    0.001151	    0.001828	    0.001811	    0.000002	    0.000008	    0.000003
  8700	    0.001149	    0.001825	    0.001809	    0.000002	    0.000008	    0.000003
  8710	    0.001148	    0.001823	    0.001807	    0.000002	    0.000008	    0.000003
  8720	    0.001147	    0.001821	    0.001805	    0.000002	    0.000008	    0.000003
  8730	    0.001145	    0.001819	    0.001803	    0.000002	    0.000008	    0.000003
  8740	    0.001144	    0.001817	    0.001801	    0.000002	    0.000008	    0.000003
  8750	    0.001143	    0.001815	    0.001799	    0.000002	    0.000008	    0.000003
  8760	    0.001142	    0.001813	    0.001797	    0.000002	    0.000008	    0.000003
  8770	    0.001140	    0.001811	    0.001795	    0.000002	    0.000008	    0.000003
  8780	    0.001139	    0.001809	    0.001793	    0.000002	    0.000008	    0.000003
  8790	    0.001138	    0.001807	    0.001791	    0.000002	    0.000008	    0.000003
  8800	    0.001136	    0.001805	    0.001789	    0.000002	    0.000008	    0.000003
  8810	    0.001135	    0.001803	    0.001787	    0.000002	    0.000008	    0.000003
  8820	    0.001134	    0.001801	    0.001785	    0.000002	    0.000008	    0.000003
  8830	    0.001133	    0.001799	    0.001783	    0.000002	    0.000008	    0.000003
  8840	    0.001131	    0.001797	    0.001781	    0.000002	    0.000008	    0.000003
  8850	    0.001130	    0.001794	    0.001779	    0.000002	    0.000008	    0.000003
  8860	    0.001129	    0.001792	    0.001777	    0.000002	    0.000008	    0.000003
  8870	    0.001127	    0.001790	    0.001775	    0.000002	    0.000008	    0.000003
  8880	    0.001126	    0.001788	    0.001773	    0.000002	    0.000008	    0.000003
  8890	    0.001125	    0.001786	    0.001771	    0.000002	    0.000008	    0.000003
  8900	    0.001124	    0.001784	    0.001769	    0.000002	    0.000008	    0.000003
  8910	    0.001122	    0.001782	    0.001767	    0.000002	    0.000008	    0.000003
  8920	    0.001121	    0.001780	    0.001765	    0.000002	    0.000008	    0.000003
  8930	    0.001120	    0.001778	    0.001763	    0.000002	    0.000008	    0.000003
  8940	    0.001119	    0.001776	    0.001761	    0.000002	    0.000008	    0.000003
  8950	    0.001117	    0.001774	    0.001759	    0.000002	    0.000008	    0.000003
  8960	    0.001116	    0.001772	    0.001757	    0.000002	    0.000008	    0.000003
  8970	    0.001115	    0.001770	    0.001755	    0.000002	    0.000008	    0.000003
  8980	    0.001114	    0.001768	    0.001753	    0.000002	    0.000008	    0.000003
  8990	    0.001112	    0.001766	    0.001751	    0.000002	    0.000008	    0.000003
  9000	    0.001111	    0.001765	    0.001749	    0.000002	    0.000008	    0.000003
  9010	    0.001110	    0.001763	    0.001747	    0.000002	    0.000008	    0.000003
  9020	    0.001109	    0.001761	    0.001745	    0.000002	    0.000008	    0.000003
  9030	    0.001107	    0.001759	    0.001743	    0.000002	    0.000008	    0.000003
  9040	    0.001106	    0.001757	    0.001741	    0.000002	    0.000008	    0.000003
  9050	    0.001105	    0.001755	    0.001739	    0.000002	    0.000008	    0.000003
  9060	    0.001104	    0.001753	    0.001738	    0.000002	    0.000008	    0.000003
  9070	    0.001103	    0.001751	    0.001736	    0.000002	    0.000008	    0.000003
  9080	    0.001101	    0.001749	    0.001734	    0.000002	    0.000008	    0.000003
  9090	    0.001100	    0.001747	    0.001732	    0.000002	    0.000008	    0.000003
  9100	    0.001099	    0.001745	    0.001730	    0.000002	    0.000008	    0.000003
  9110	    0.001098	    0.001743	    0.001728	    0.000002	    0.000008	    0.000003
  9120	    0.001096	    0.001741	    0.001726	    0.000002	    0.000008	    0.000003
  9130	    0.001095	    0.001739	    0.001724	    0.000002	    0.000008	    0.000003
  9140	    0.001094	    0.001737	    0.001722	    0.000002	    0.000008	    0.000003
  9150	    0.001093	    0.001736	    0.001721	    0.000002	    0.000007	    0.000003
  9160	    0.001092	    0.001734	    0.001719	    0.000002	    0.000007	    0.000003
  9170	    0.001091	    0.001732	    0.001717	    0.000002	    0.000007	    0.000003
  9180	    0.001089	    0.001730	    0.001715	    0.000002	    0.000007	    0.000003
  9190	    0.001088	    0.001728	    0.001713	    0.000002	    0.000007	    0.000003
  9200	    0.001087	    0.001726	    0.001711	    0.000002	    0.000007	    0.000003
  9210	    0.001086	    0.001724	    0.001709	    0.000002	    0.000007	    0.000003
  9220	    0.001085	    0.001722	    0.001707	    0.000002	    0.000007	    0.000003
  9230	    0.001083	    0.001720	    0.001706	    0.000002	    0.000007	    0.000003
  9240	    0.001082	    0.001719	    0.001704	    0.000002	    0.000007	    0.000003
  9250	    0.001081	    0.001717	    0.001702	    0.000002	    0.000007	    0.000003
  9260	    0.001080	    0.001715	    0.001700	    0.000002	    0.000007	    0.000003
  9270	    0.001079	    0.001713	    0.001698	    0.000002	    0.000007	    0.000003
  9280	    0.001078	    0.001711	    0.001696	    0.000002	    0.000007	    0.000003
  9290	    0.001076	    0.001709	    0.001695	    0.000002	    0.000007	    0.000003
  9300	    0.001075	    0.001707	    0.001693	    0.000002	    0.000007	    0.000003
  9310	    0.001074	    0.001706	    0.001691	    0.000002	    0.000007	    0.000003
  9320	    0.001073	    0.001704	    0.001689	    0.000002	    0.000007	    0.000003
  9330	    0.001072	    0.001702	    0.001687	    0.000002	    0.000007	    0.000003
  9340	    0.001071	    0.001700	    0.001686	    0.000002	    0.000007	    0.000003
  9350	    0.001070	    0.001698	    0.001684	    0.000002	    0.000007	    0.000003
  9360	    0.001068	    0.001696	    0.001682	    0.000002	    0.000007	    0.000003
  9370	    0.001067	    0.001695	    0.001680	    0.000002	    0.000007	    0.000003
  9380	    0.001066	    0.001693	    0.001678	    0.000002	    0.000007	    0.000003
  9390	    0.001065	    0.001691	    0.001677	    0.000002	    0.000007	    0.000003
  9400	    0.001064	    0.001689	    0.001675	    0.000002	    0.000007	    0.000003
  9410	    0.001063	    0.001687	    0.001673	    0.000002	    0.000007	    0.000003
  9420	    0.001062	    0.001686	    0.001671	    0.000002	    0.000007	    0.000003
  9430	    0.001060	    0.001684	    0.001670	    0.000002	    0.000007	    0.000003
  9440	    0.001059	    0.001682	    0.001668	    0.000002	    0.000007	    0.000003
  9450	    0.001058	    0.001680	    0.001666	    0.000002	    0.000007	    0.000003
  9460	    0.001057	    0.001679	    0.001664	    0.000002	    0.000007	    0.000003
  9470	    0.001056	    0.001677	    0.001663	    0.000002	    0.000007	    0.000003
  9480	    0.001055	    0.001675	    0.001661	    0.000002	    0.000007	    0.000003
  9490	    0.001054	    0.001673	    0.001659	    0.000002	    0.000007	    0.000003
  9500	    0.001053	    0.001671	    0.001657	    0.000002	    0.000007	    0.000003
  9510	    0.001052	    0.001670	    0.001656	    0.000002	    0.000007	    0.000003
  9520	    0.001050	    0.001668	    0.001654	    0.000002	    0.000007	    0.000003
  9530	    0.001049	    0.001666	    0.001652	    0.000002	    0.000007	    0.000003
  9540	    0.001048	    0.001664	    0.001650	    0.000002	    0.000007	    0.000003
  9550	    0.001047	    0.001663	    0.001649	    0.000002	    0.000007	    0.000003
  9560	    0.001046	    0.001661	    0.001647	    0.000002	    0.000007	    0.000003
  9570	    0.001045	    0.001659	    0.001645	    0.000002	    0.000007	    0.000003
  9580	    0.001044	    0.001657	    0.001643	    0.000002	    0.000007	    0.000003
  9590	    0.001043	    0.001656	    0.001642	    0.000002	    0.000007	    0.000003
  9600	    0.001042	    0.001654	    0.001640	    0.000002	    0.000007	    0.000003
  9610	    0.001041	    0.001652	    0.001638	    0.000002	    0.000007	    0.000003
  9620	    0.001040	    0.001651	    0.001637	    0.000002	    0.000007	    0.000003
  9630	    0.001038	    0.001649	    0.001635	    0.000002	    0.000007	    0.000003
  9640	    0.001037	    0.001647	    0.001633	    0.000002	    0.000007	    0.000003
  9650	    0.001036	    0.001645	    0.001632	    0.000002	    0.000007	    0.000003
  9660	    0.001035	    0.001644	    0.001630	    0.000002	    0.000007	    0.000003
  9670	    0.001034	    0.001642	    0.001628	    0.000002	    0.000007	    0.000003
  9680	    0.001033	    0.001640	    0.001627	    0.000002	    0.000007	    0.000003
  9690	    0.001032	    0.001639	    0.001625	    0.000002	    0.000007	    0.000003
  9700	    0.001031	    0.001637	    0.001623	    0.000002	    0.000007	    0.000003
  9710	    0.001030	    0.001635	    0.001622	    0.000002	    0.000007	    0.000003
  9720	    0.001029	    0.001634	    0.001620	    0.000002	    0.000007	    0.000003
  9730	    0.001028	    0.001632	    0.001618	    0.000002	    0.000007	    0.000003
  9740	    0.001027	    0.001630	    0.001617	    0.000002	    0.000007	    0.000003
  9750	    0.001026	    0.001628	    0.001615	    0.000002	    0.000007	    0.000003
  9760	    0.001025	    0.001627	    0.001613	    0.000002	    0.000007	    0.000003
  9770	    0.001024	    0.001625	    0.001612	    0.000002	    0.000007	    0.000003
  9780	    0.001022	    0.001623	    0.001610	    0.000002	    0.000007	    0.000003
  9790	    0.001021	    0.001622	    0.001608	    0.000002	    0.000007	    0.000003
  9800	    0.001020	    0.001620	    0.001607	    0.000002	    0.000007	    0.000003
  9810	    0.001019	    0.001619	    0.001605	    0.000002	    0.000007	    0.000003
  9820	    0.001018	    0.001617	    0.001603	    0.000002	    0.000007	    0.000003
  9830	    0.001017	    0.001615	    0.001602	    0.000002	    0.000007	    0.000003
  9840	    0.001016	    0.001614	    0.001600	    0.000002	    0.000007	    0.000003
  9850	    0.001015	    0.001612	    0.001599	    0.000002	    0.000007	    0.000003
  9860	    0.001014	    0.001610	    0.001597	    0.000002	    0.000007	    0.000003
  9870	    0.001013	    0.001609	    0.001595	    0.000002	    0.000007	    0.000003
  9880	    0.001012	    0.001607	    0.001594	    0.000002	    0.000007	    0.000003
  9890	    0.001011	    0.001605	    0.001592	    0.000002	    0.000007	    0.000003
  9900	    0.001010	    0.001604	    0.001590	    0.000002	    0.000007	    0.000003
  9910	    0.001009	    0.001602	    0.001589	    0.000002	    0.000007	    0.000003
  9920	    0.001008	    0.001601	    0.001587	    0.000002	    0.000007	    0.000003
  9930	    0.001007	    0.001599	    0.001586	    0.000002	    0.000007	    0.000003
  9940	    0.001006	    0.001597	    0.001584	    0.000002	    0.000007	    0.000003
  9950	    0.001005	    0.001596	    0.001582	    0.000002	    0.000007	    0.000003
  9960	    0.001004	    0.001594	    0.001581	    0.000002	    0.000007	    0.000003
  9970	    0.001003	    0.001592	    0.001579	    0.000002	    0.000007	    0.000003
  9980	    0.001002	    0.001591	    0.001578	    0.000002	    0.000007	    0.000003
  9990	    0.001001	    0.001589	    0.001576	    0.000002	    0.000007	    0.000003
 10000	    0.001000	    0.001588	    0.001575	    0.000002	    0.000007	    0.000003
