Func 4: f(x)=sqrt(x), [0,1]  (особенность в x=0)
I_exact = 0.666666666667
h = (b-a)/n

n	h	E_left	E_right	E_mid	E_trap	E_simp
---	---	-------	-------	-----	------	------
    10	    0.100000	    0.056157	    0.043843	    0.001717	    0.006157	    0.002567
    20	    0.050000	    0.027220	    0.022780	    0.000629	    0.002220	    0.000908
    30	    0.033333	    0.017886	    0.015448	    0.000347	    0.001219	    0.000494
    40	    0.025000	    0.013296	    0.011704	    0.000228	    0.000796	    0.000321
    50	    0.020000	    0.010571	    0.009429	    0.000164	    0.000571	    0.000230
    60	    0.016667	    0.008769	    0.007898	    0.000125	    0.000436	    0.000175
    70	    0.014286	    0.007489	    0.006796	    0.000100	    0.000346	    0.000139
    80	    0.012500	    0.006534	    0.005966	    0.000082	    0.000284	    0.000113
    90	    0.011111	    0.005794	    0.005317	    0.000069	    0.000238	    0.000095
   100	    0.010000	    0.005204	    0.004796	    0.000059	    0.000204	    0.000081
   110	    0.009091	    0.004722	    0.004369	    0.000051	    0.000177	    0.000070
   120	    0.008333	    0.004322	    0.004011	    0.000045	    0.000155	    0.000062
   130	    0.007692	    0.003984	    0.003708	    0.000040	    0.000138	    0.000055
   140	    0.007143	    0.003695	    0.003448	    0.000036	    0.000123	    0.000049
   150	    0.006667	    0.003445	    0.003222	    0.000032	    0.000111	    0.000044
   160	    0.006250	    0.003226	    0.003024	    0.000029	    0.000101	    0.000040
   170	    0.005882	    0.003034	    0.002849	    0.000027	    0.000092	    0.000037
   180	    0.005556	    0.002863	    0.002693	    0.000025	    0.000085	    0.000034
   190	    0.005263	    0.002710	    0.002553	    0.000023	    0.000078	    0.000031
   200	    0.005000	    0.002572	    0.002428	    0.000021	    0.000072	    0.000029
   210	    0.004762	    0.002448	    0.002314	    0.000020	    0.000067	    0.000027
   220	    0.004545	    0.002336	    0.002210	    0.000018	    0.000063	    0.000025
   230	    0.004348	    0.002233	    0.002115	    0.000017	    0.000059	    0.000023
   240	    0.004167	    0.002139	    0.002028	    0.000016	    0.000055	    0.000022
   250	    0.004000	    0.002052	    0.001948	    0.000015	    0.000052	    0.000021
   260	    0.003846	    0.001972	    0.001874	    0.000014	    0.000049	    0.000019
   270	    0.003704	    0.001898	    0.001806	    0.000013	    0.000046	    0.000018
   280	    0.003571	    0.001830	    0.001742	    0.000013	    0.000044	    0.000017
   290	    0.003448	    0.001766	    0.001683	    0.000012	    0.000042	    0.000016
   300	    0.003333	    0.001706	    0.001627	    0.000011	    0.000040	    0.000016
   310	    0.003226	    0.001651	    0.001575	    0.000011	    0.000038	    0.000015
   320	    0.003125	    0.001598	    0.001527	    0.000010	    0.000036	    0.000014
   330	    0.003030	    0.001549	    0.001481	    0.000010	    0.000034	    0.000014
   340	    0.002941	    0.001503	    0.001438	    0.000010	    0.000033	    0.000013
   350	    0.002857	    0.001460	    0.001397	    0.000009	    0.000031	    0.000012
   360	    0.002778	    0.001419	    0.001359	    0.000009	    0.000030	    0.000012
   370	    0.002703	    0.001380	    0.001322	    0.000008	    0.000029	    0.000011
   380	    0.002632	    0.001344	    0.001288	    0.000008	    0.000028	    0.000011
   390	    0.002564	    0.001309	    0.001255	    0.000008	    0.000027	    0.000011
   400	    0.002500	    0.001276	    0.001224	    0.000007	    0.000026	    0.000010
   410	    0.002439	    0.001244	    0.001195	    0.000007	    0.000025	    0.000010
   420	    0.002381	    0.001214	    0.001167	    0.000007	    0.000024	    0.000009
   430	    0.002326	    0.001186	    0.001140	    0.000007	    0.000023	    0.000009
   440	    0.002273	    0.001159	    0.001114	    0.000006	    0.000022	    0.000009
   450	    0.002222	    0.001133	    0.001090	    0.000006	    0.000022	    0.000009
   460	    0.002174	    0.001108	    0.001066	    0.000006	    0.000021	    0.000008
   470	    0.002128	    0.001084	    0.001044	    0.000006	    0.000020	    0.000008
   480	    0.002083	    0.001061	    0.001022	    0.000006	    0.000020	    0.000008
   490	    0.002041	    0.001039	    0.001001	    0.000006	    0.000019	    0.000007
   500	    0.002000	    0.001018	    0.000982	    0.000005	    0.000018	    0.000007
   510	    0.001961	    0.000998	    0.000963	    0.000005	    0.000018	    0.000007
   520	    0.001923	    0.000979	    0.000944	    0.000005	    0.000017	    0.000007
   530	    0.001887	    0.000960	    0.000927	    0.000005	    0.000017	    0.000007
   540	    0.001852	    0.000942	    0.000910	    0.000005	    0.000016	    0.000006
   550	    0.001818	    0.000925	    0.000893	    0.000005	    0.000016	    0.000006
   560	    0.001786	    0.000908	    0.000877	    0.000005	    0.000016	    0.000006
   570	    0.001754	    0.000892	    0.000862	    0.000004	    0.000015	    0.000006
   580	    0.001724	    0.000877	    0.000847	    0.000004	    0.000015	    0.000006
   590	    0.001695	    0.000862	    0.000833	    0.000004	    0.000014	    0.000006
   600	    0.001667	    0.000847	    0.000819	    0.000004	    0.000014	    0.000006
   610	    0.001639	    0.000833	    0.000806	    0.000004	    0.000014	    0.000005
   620	    0.001613	    0.000820	    0.000793	    0.000004	    0.000013	    0.000005
   630	    0.001587	    0.000807	    0.000781	    0.000004	    0.000013	    0.000005
   640	    0.001563	    0.000794	    0.000769	    0.000004	    0.000013	    0.000005
   650	    0.001538	    0.000782	    0.000757	    0.000004	    0.000012	    0.000005
   660	    0.001515	    0.000770	    0.000745	    0.000004	    0.000012	    0.000005
   670	    0.001493	    0.000758	    0.000734	    0.000003	    0.000012	    0.000005
   680	    0.001471	    0.000747	    0.000724	    0.000003	    0.000012	    0.000005
   690	    0.001449	    0.000736	    0.000713	    0.000003	    0.000011	    0.000004
   700	    0.001429	    0.000725	    0.000703	    0.000003	    0.000011	    0.000004
   710	    0.001408	    0.000715	    0.000693	    0.000003	    0.000011	    0.000004
   720	    0.001389	    0.000705	    0.000684	    0.000003	    0.000011	    0.000004
   730	    0.001370	    0.000695	    0.000674	    0.000003	    0.000010	    0.000004
   740	    0.001351	    0.000686	    0.000665	    0.000003	    0.000010	    0.000004
   750	    0.001333	    0.000677	    0.000657	    0.000003	    0.000010	    0.000004
   760	    0.001316	    0.000668	    0.000648	    0.000003	    0.000010	    0.000004
   770	    0.001299	    0.000659	    0.000640	    0.000003	    0.000010	    0.000004
   780	    0.001282	    0.000651	    0.000632	    0.000003	    0.000009	    0.000004
   790	    0.001266	    0.000642	    0.000624	    0.000003	    0.000009	    0.000004
   800	    0.001250	    0.000634	    0.000616	    0.000003	    0.000009	    0.000004
   810	    0.001235	    0.000626	    0.000608	    0.000003	    0.000009	    0.000004
   820	    0.001220	    0.000619	    0.000601	    0.000003	    0.000009	    0.000003
   830	    0.001205	    0.000611	    0.000594	    0.000003	    0.000009	    0.000003
   840	    0.001190	    0.000604	    0.000587	    0.000002	    0.000008	    0.000003
   850	    0.001176	    0.000597	    0.000580	    0.000002	    0.000008	    0.000003
   860	    0.001163	    0.000590	    0.000573	    0.000002	    0.000008	    0.000003
   870	    0.001149	    0.000583	    0.000567	    0.000002	    0.000008	    0.000003
   880	    0.001136	    0.000576	    0.000560	    0.000002	    0.000008	    0.000003
   890	    0.001124	    0.000570	    0.000554	    0.000002	    0.000008	    0.000003
   900	    0.001111	    0.000563	    0.000548	    0.000002	    0.000008	    0.000003
   910	    0.001099	    0.000557	    0.000542	    0.000002	    0.000008	    0.000003
   920	    0.001087	    0.000551	    0.000536	    0.000002	    0.000007	    0.000003
   930	    0.001075	    0.000545	    0.000530	    0.000002	    0.000007	    0.000003
   940	    0.001064	    0.000539	    0.000525	    0.000002	    0.000007	    0.000003
   950	    0.001053	    0.000533	    0.000519	    0.000002	    0.000007	    0.000003
   960	    0.001042	    0.000528	    0.000514	    0.000002	    0.000007	    0.000003
   970	    0.001031	    0.000522	    0.000509	    0.000002	    0.000007	    0.000003
   980	    0.001020	    0.000517	    0.000503	    0.000002	    0.000007	    0.000003
   990	    0.001010	    0.000512	    0.000498	    0.000002	    0.000007	    0.000003
  1000	    0.001000	    0.000507	    0.000493	    0.000002	    0.000007	    0.000003
  1010	    0.000990	    0.000501	    0.000489	    0.000002	    0.000006	    0.000003
  1020	    0.000980	    0.000497	    0.000484	    0.000002	    0.000006	    0.000002
  1030	    0.000971	    0.000492	    0.000479	    0.000002	    0.000006	    0.000002
  1040	    0.000962	    0.000487	    0.000475	    0.000002	    0.000006	    0.000002
  1050	    0.000952	    0.000482	    0.000470	    0.000002	    0.000006	    0.000002
  1060	    0.000943	    0.000478	    0.000466	    0.000002	    0.000006	    0.000002
  1070	    0.000935	    0.000473	    0.000461	    0.000002	    0.000006	    0.000002
  1080	    0.000926	    0.000469	    0.000457	    0.000002	    0.000006	    0.000002
  1090	    0.000917	    0.000464	    0.000453	    0.000002	    0.000006	    0.000002
  1100	    0.000909	    0.000460	    0.000449	    0.000002	    0.000006	    0.000002
  1110	    0.000901	    0.000456	    0.000445	    0.000002	    0.000006	    0.000002
  1120	    0.000893	    0.000452	    0.000441	    0.000002	    0.000006	    0.000002
  1130	    0.000885	    0.000448	    0.000437	    0.000002	    0.000005	    0.000002
  1140	    0.000877	    0.000444	    0.000433	    0.000002	    0.000005	    0.000002
  1150	    0.000870	    0.000440	    0.000429	    0.000002	    0.000005	    0.000002
  1160	    0.000862	    0.000436	    0.000426	    0.000002	    0.000005	    0.000002
  1170	    0.000855	    0.000433	    0.000422	    0.000002	    0.000005	    0.000002
  1180	    0.000847	    0.000429	    0.000419	    0.000001	    0.000005	    0.000002
  1190	    0.000840	    0.000425	    0.000415	    0.000001	    0.000005	    0.000002
  1200	    0.000833	    0.000422	    0.000412	    0.000001	    0.000005	    0.000002
  1210	    0.000826	    0.000418	    0.000408	    0.000001	    0.000005	    0.000002
  1220	    0.000820	    0.000415	    0.000405	    0.000001	    0.000005	    0.000002
  1230	    0.000813	    0.000411	    0.000402	    0.000001	    0.000005	    0.000002
  1240	    0.000806	    0.000408	    0.000398	    0.000001	    0.000005	    0.000002
  1250	    0.000800	    0.000405	    0.000395	    0.000001	    0.000005	    0.000002
  1260	    0.000794	    0.000401	    0.000392	    0.000001	    0.000005	    0.000002
  1270	    0.000787	    0.000398	    0.000389	    0.000001	    0.000005	    0.000002
  1280	    0.000781	    0.000395	    0.000386	    0.000001	    0.000005	    0.000002
  1290	    0.000775	    0.000392	    0.000383	    0.000001	    0.000004	    0.000002
  1300	    0.000769	    0.000389	    0.000380	    0.000001	    0.000004	    0.000002
  1310	    0.000763	    0.000386	    0.000377	    0.000001	    0.000004	    0.000002
  1320	    0.000758	    0.000383	    0.000374	    0.000001	    0.000004	    0.000002
  1330	    0.000752	    0.000380	    0.000372	    0.000001	    0.000004	    0.000002
  1340	    0.000746	    0.000377	    0.000369	    0.000001	    0.000004	    0.000002
  1350	    0.000741	    0.000375	    0.000366	    0.000001	    0.000004	    0.000002
  1360	    0.000735	    0.000372	    0.000364	    0.000001	    0.000004	    0.000002
  1370	    0.000730	    0.000369	    0.000361	    0.000001	    0.000004	    0.000002
  1380	    0.000725	    0.000366	    0.000358	    0.000001	    0.000004	    0.000002
  1390	    0.000719	    0.000364	    0.000356	    0.000001	    0.000004	    0.000002
  1400	    0.000714	    0.000361	    0.000353	    0.000001	    0.000004	    0.000002
  1410	    0.000709	    0.000359	    0.000351	    0.000001	    0.000004	    0.000002
  1420	    0.000704	    0.000356	    0.000348	    0.000001	    0.000004	    0.000002
  1430	    0.000699	    0.000353	    0.000346	    0.000001	    0.000004	    0.000002
  1440	    0.000694	    0.000351	    0.000343	    0.000001	    0.000004	    0.000001
  1450	    0.000690	    0.000349	    0.000341	    0.000001	    0.000004	    0.000001
  1460	    0.000685	    0.000346	    0.000339	    0.000001	    0.000004	    0.000001
  1470	    0.000680	    0.000344	    0.000336	    0.000001	    0.000004	    0.000001
  1480	    0.000676	    0.000341	    0.000334	    0.000001	    0.000004	    0.000001
  1490	    0.000671	    0.000339	    0.000332	    0.000001	    0.000004	    0.000001
  1500	    0.000667	    0.000337	    0.000330	    0.000001	    0.000004	    0.000001
  1510	    0.000662	    0.000335	    0.000328	    0.000001	    0.000004	    0.000001
  1520	    0.000658	    0.000332	    0.000325	    0.000001	    0.000003	    0.000001
  1530	    0.000654	    0.000330	    0.000323	    0.000001	    0.000003	    0.000001
  1540	    0.000649	    0.000328	    0.000321	    0.000001	    0.000003	    0.000001
  1550	    0.000645	    0.000326	    0.000319	    0.000001	    0.000003	    0.000001
  1560	    0.000641	    0.000324	    0.000317	    0.000001	    0.000003	    0.000001
  1570	    0.000637	    0.000322	    0.000315	    0.000001	    0.000003	    0.000001
  1580	    0.000633	    0.000320	    0.000313	    0.000001	    0.000003	    0.000001
  1590	    0.000629	    0.000318	    0.000311	    0.000001	    0.000003	    0.000001
  1600	    0.000625	    0.000316	    0.000309	    0.000001	    0.000003	    0.000001
  1610	    0.000621	    0.000314	    0.000307	    0.000001	    0.000003	    0.000001
  1620	    0.000617	    0.000312	    0.000305	    0.000001	    0.000003	    0.000001
  1630	    0.000613	    0.000310	    0.000304	    0.000001	    0.000003	    0.000001
  1640	    0.000610	    0.000308	    0.000302	    0.000001	    0.000003	    0.000001
  1650	    0.000606	    0.000306	    0.000300	    0.000001	    0.000003	    0.000001
  1660	    0.000602	    0.000304	    0.000298	    0.000001	    0.000003	    0.000001
  1670	    0.000599	    0.000302	    0.000296	    0.000001	    0.000003	    0.000001
  1680	    0.000595	    0.000301	    0.000295	    0.000001	    0.000003	    0.000001
  1690	    0.000592	    0.000299	    0.000293	    0.000001	    0.000003	    0.000001
  1700	    0.000588	    0.000297	    0.000291	    0.000001	    0.000003	    0.000001
  1710	    0.000585	    0.000295	    0.000289	    0.000001	    0.000003	    0.000001
  1720	    0.000581	    0.000294	    0.000288	    0.000001	    0.000003	    0.000001
  1730	    0.000578	    0.000292	    0.000286	    0.000001	    0.000003	    0.000001
  1740	    0.000575	    0.000290	    0.000285	    0.000001	    0.000003	    0.000001
  1750	    0.000571	    0.000289	    0.000283	    0.000001	    0.000003	    0.000001
  1760	    0.000568	    0.000287	    0.000281	    0.000001	    0.000003	    0.000001
  1770	    0.000565	    0.000285	    0.000280	    0.000001	    0.000003	    0.000001
  1780	    0.000562	    0.000284	    0.000278	    0.000001	    0.000003	    0.000001
  1790	    0.000559	    0.000282	    0.000277	    0.000001	    0.000003	    0.000001
  1800	    0.000556	    0.000280	    0.000275	    0.000001	    0.000003	    0.000001
  1810	    0.000552	    0.000279	    0.000274	    0.000001	    0.000003	    0.000001
  1820	    0.000549	    0.000277	    0.000272	    0.000001	    0.000003	    0.000001
  1830	    0.000546	    0.000276	    0.000271	    0.000001	    0.000003	    0.000001
  1840	    0.000543	    0.000274	    0.000269	    0.000001	    0.000003	    0.000001
  1850	    0.000541	    0.000273	    0.000268	    0.000001	    0.000003	    0.000001
  1860	    0.000538	    0.000271	    0.000266	    0.000001	    0.000003	    0.000001
  1870	    0.000535	    0.000270	    0.000265	    0.000001	    0.000003	    0.000001
  1880	    0.000532	    0.000268	    0.000263	    0.000001	    0.000003	    0.000001
  1890	    0.000529	    0.000267	    0.000262	    0.000001	    0.000003	    0.000001
  1900	    0.000526	    0.000266	    0.000261	    0.000001	    0.000002	    0.000001
  1910	    0.000524	    0.000264	    0.000259	    0.000001	    0.000002	    0.000001
  1920	    0.000521	    0.000263	    0.000258	    0.000001	    0.000002	    0.000001
  1930	    0.000518	    0.000262	    0.000257	    0.000001	    0.000002	    0.000001
  1940	    0.000515	    0.000260	    0.000255	    0.000001	    0.000002	    0.000001
  1950	    0.000513	    0.000259	    0.000254	    0.000001	    0.000002	    0.000001
  1960	    0.000510	    0.000257	    0.000253	    0.000001	    0.000002	    0.000001
  1970	    0.000508	    0.000256	    0.000251	    0.000001	    0.000002	    0.000001
  1980	    0.000505	    0.000255	    0.000250	    0.000001	    0.000002	    0.000001
  1990	    0.000503	    0.000254	    0.000249	    0.000001	    0.000002	    0.000001
  2000	    0.000500	    0.000252	    0.000248	    0.000001	    0.000002	    0.000001
  2010	    0.000498	    0.000251	    0.000246	    0.000001	    0.000002	    0.000001
  2020	    0.000495	    0.000250	    0.000245	    0.000001	    0.000002	    0.000001
  2030	    0.000493	    0.000249	    0.000244	    0.000001	    0.000002	    0.000001
  2040	    0.000490	    0.000247	    0.000243	    0.000001	    0.000002	    0.000001
  2050	    0.000488	    0.000246	    0.000242	    0.000001	    0.000002	    0.000001
  2060	    0.000485	    0.000245	    0.000241	    0.000001	    0.000002	    0.000001
  2070	    0.000483	    0.000244	    0.000239	    0.000001	    0.000002	    0.000001
  2080	    0.000481	    0.000243	    0.000238	    0.000001	    0.000002	    0.000001
  2090	    0.000478	    0.000241	    0.000237	    0.000001	    0.000002	    0.000001
  2100	    0.000476	    0.000240	    0.000236	    0.000001	    0.000002	    0.000001
  2110	    0.000474	    0.000239	    0.000235	    0.000001	    0.000002	    0.000001
  2120	    0.000472	    0.000238	    0.000234	    0.000001	    0.000002	    0.000001
  2130	    0.000469	    0.000237	    0.000233	    0.000001	    0.000002	    0.000001
  2140	    0.000467	    0.000236	    0.000232	    0.000001	    0.000002	    0.000001
  2150	    0.000465	    0.000235	    0.000230	    0.000001	    0.000002	    0.000001
  2160	    0.000463	    0.000234	    0.000229	    0.000001	    0.000002	    0.000001
  2170	    0.000461	    0.000232	    0.000228	    0.000001	    0.000002	    0.000001
  2180	    0.000459	    0.000231	    0.000227	    0.000001	    0.000002	    0.000001
  2190	    0.000457	    0.000230	    0.000226	    0.000001	    0.000002	    0.000001
  2200	    0.000455	    0.000229	    0.000225	    0.000001	    0.000002	    0.000001
  2210	    0.000452	    0.000228	    0.000224	    0.000001	    0.000002	    0.000001
  2220	    0.000450	    0.000227	    0.000223	    0.000001	    0.000002	    0.000001
  2230	    0.000448	    0.000226	    0.000222	    0.000001	    0.000002	    0.000001
  2240	    0.000446	    0.000225	    0.000221	    0.000001	    0.000002	    0.000001
  2250	    0.000444	    0.000224	    0.000220	    0.000001	    0.000002	    0.000001
  2260	    0.000442	    0.000223	    0.000219	    0.000001	    0.000002	    0.000001
  2270	    0.000441	    0.000222	    0.000218	    0.000001	    0.000002	    0.000001
  2280	    0.000439	    0.000221	    0.000217	    0.000001	    0.000002	    0.000001
  2290	    0.000437	    0.000220	    0.000216	    0.000001	    0.000002	    0.000001
  2300	    0.000435	    0.000219	    0.000216	    0.000001	    0.000002	    0.000001
  2310	    0.000433	    0.000218	    0.000215	    0.000001	    0.000002	    0.000001
  2320	    0.000431	    0.000217	    0.000214	    0.000001	    0.000002	    0.000001
  2330	    0.000429	    0.000216	    0.000213	    0.000001	    0.000002	    0.000001
  2340	    0.000427	    0.000216	    0.000212	    0.000001	    0.000002	    0.000001
  2350	    0.000426	    0.000215	    0.000211	    0.000001	    0.000002	    0.000001
  2360	    0.000424	    0.000214	    0.000210	    0.000001	    0.000002	    0.000001
  2370	    0.000422	    0.000213	    0.000209	    0.000001	    0.000002	    0.000001
  2380	    0.000420	    0.000212	    0.000208	    0.000001	    0.000002	    0.000001
  2390	    0.000418	    0.000211	    0.000207	    0.000001	    0.000002	    0.000001
  2400	    0.000417	    0.000210	    0.000207	    0.000001	    0.000002	    0.000001
  2410	    0.000415	    0.000209	    0.000206	    0.000001	    0.000002	    0.000001
  2420	    0.000413	    0.000208	    0.000205	    0.000001	    0.000002	    0.000001
  2430	    0.000412	    0.000207	    0.000204	    0.000001	    0.000002	    0.000001
  2440	    0.000410	    0.000207	    0.000203	    0.000001	    0.000002	    0.000001
  2450	    0.000408	    0.000206	    0.000202	    0.000000	    0.000002	    0.000001
  2460	    0.000407	    0.000205	    0.000202	    0.000000	    0.000002	    0.000001
  2470	    0.000405	    0.000204	    0.000201	    0.000000	    0.000002	    0.000001
  2480	    0.000403	    0.000203	    0.000200	    0.000000	    0.000002	    0.000001
  2490	    0.000402	    0.000202	    0.000199	    0.000000	    0.000002	    0.000001
  2500	    0.000400	    0.000202	    0.000198	    0.000000	    0.000002	    0.000001
  2510	    0.000398	    0.000201	    0.000198	    0.000000	    0.000002	    0.000001
  2520	    0.000397	    0.000200	    0.000197	    0.000000	    0.000002	    0.000001
  2530	    0.000395	    0.000199	    0.000196	    0.000000	    0.000002	    0.000001
  2540	    0.000394	    0.000198	    0.000195	    0.000000	    0.000002	    0.000001
  2550	    0.000392	    0.000198	    0.000194	    0.000000	    0.000002	    0.000001
  2560	    0.000391	    0.000197	    0.000194	    0.000000	    0.000002	    0.000001
  2570	    0.000389	    0.000196	    0.000193	    0.000000	    0.000002	    0.000001
  2580	    0.000388	    0.000195	    0.000192	    0.000000	    0.000002	    0.000001
  2590	    0.000386	    0.000195	    0.000191	    0.000000	    0.000002	    0.000001
  2600	    0.000385	    0.000194	    0.000191	    0.000000	    0.000002	    0.000001
  2610	    0.000383	    0.000193	    0.000190	    0.000000	    0.000002	    0.000001
  2620	    0.000382	    0.000192	    0.000189	    0.000000	    0.000002	    0.000001
  2630	    0.000380	    0.000192	    0.000189	    0.000000	    0.000002	    0.000001
  2640	    0.000379	    0.000191	    0.000188	    0.000000	    0.000002	    0.000001
  2650	    0.000377	    0.000190	    0.000187	    0.000000	    0.000002	    0.000001
  2660	    0.000376	    0.000189	    0.000186	    0.000000	    0.000002	    0.000001
  2670	    0.000375	    0.000189	    0.000186	    0.000000	    0.000002	    0.000001
  2680	    0.000373	    0.000188	    0.000185	    0.000000	    0.000001	    0.000001
  2690	    0.000372	    0.000187	    0.000184	    0.000000	    0.000001	    0.000001
  2700	    0.000370	    0.000187	    0.000184	    0.000000	    0.000001	    0.000001
  2710	    0.000369	    0.000186	    0.000183	    0.000000	    0.000001	    0.000001
  2720	    0.000368	    0.000185	    0.000182	    0.000000	    0.000001	    0.000001
  2730	    0.000366	    0.000185	    0.000182	    0.000000	    0.000001	    0.000001
  2740	    0.000365	    0.000184	    0.000181	    0.000000	    0.000001	    0.000001
  2750	    0.000364	    0.000183	    0.000180	    0.000000	    0.000001	    0.000001
  2760	    0.000362	    0.000183	    0.000180	    0.000000	    0.000001	    0.000001
  2770	    0.000361	    0.000182	    0.000179	    0.000000	    0.000001	    0.000001
  2780	    0.000360	    0.000181	    0.000178	    0.000000	    0.000001	    0.000001
  2790	    0.000358	    0.000181	    0.000178	    0.000000	    0.000001	    0.000001
  2800	    0.000357	    0.000180	    0.000177	    0.000000	    0.000001	    0.000001
  2810	    0.000356	    0.000179	    0.000177	    0.000000	    0.000001	    0.000001
  2820	    0.000355	    0.000179	    0.000176	    0.000000	    0.000001	    0.000001
  2830	    0.000353	    0.000178	    0.000175	    0.000000	    0.000001	    0.000001
  2840	    0.000352	    0.000177	    0.000175	    0.000000	    0.000001	    0.000001
  2850	    0.000351	    0.000177	    0.000174	    0.000000	    0.000001	    0.000001
  2860	    0.000350	    0.000176	    0.000173	    0.000000	    0.000001	    0.000001
  2870	    0.000348	    0.000176	    0.000173	    0.000000	    0.000001	    0.000001
  2880	    0.000347	    0.000175	    0.000172	    0.000000	    0.000001	    0.000001
  2890	    0.000346	    0.000174	    0.000172	    0.000000	    0.000001	    0.000001
  2900	    0.000345	    0.000174	    0.000171	    0.000000	    0.000001	    0.000001
  2910	    0.000344	    0.000173	    0.000171	    0.000000	    0.000001	    0.000001
  2920	    0.000342	    0.000173	    0.000170	    0.000000	    0.000001	    0.000001
  2930	    0.000341	    0.000172	    0.000169	    0.000000	    0.000001	    0.000001
  2940	    0.000340	    0.000171	    0.000169	    0.000000	    0.000001	    0.000001
  2950	    0.000339	    0.000171	    0.000168	    0.000000	    0.000001	    0.000001
  2960	    0.000338	    0.000170	    0.000168	    0.000000	    0.000001	    0.000001
  2970	    0.000337	    0.000170	    0.000167	    0.000000	    0.000001	    0.000001
  2980	    0.000336	    0.000169	    0.000167	    0.000000	    0.000001	    0.000000
  2990	    0.000334	    0.000168	    0.000166	    0.000000	    0.000001	    0.000000
  3000	    0.000333	    0.000168	    0.000165	    0.000000	    0.000001	    0.000000
  3010	    0.000332	    0.000167	    0.000165	    0.000000	    0.000001	    0.000000
  3020	    0.000331	    0.000167	    0.000164	    0.000000	    0.000001	    0.000000
  3030	    0.000330	    0.000166	    0.000164	    0.000000	    0.000001	    0.000000
  3040	    0.000329	    0.000166	    0.000163	    0.000000	    0.000001	    0.000000
  3050	    0.000328	    0.000165	    0.000163	    0.000000	    0.000001	    0.000000
  3060	    0.000327	    0.000165	    0.000162	    0.000000	    0.000001	    0.000000
  3070	    0.000326	    0.000164	    0.000162	    0.000000	    0.000001	    0.000000
  3080	    0.000325	    0.000164	    0.000161	    0.000000	    0.000001	    0.000000
  3090	    0.000324	    0.000163	    0.000161	    0.000000	    0.000001	    0.000000
  3100	    0.000323	    0.000162	    0.000160	    0.000000	    0.000001	    0.000000
  3110	    0.000322	    0.000162	    0.000160	    0.000000	    0.000001	    0.000000
  3120	    0.000321	    0.000161	    0.000159	    0.000000	    0.000001	    0.000000
  3130	    0.000319	    0.000161	    0.000159	    0.000000	    0.000001	    0.000000
  3140	    0.000318	    0.000160	    0.000158	    0.000000	    0.000001	    0.000000
  3150	    0.000317	    0.000160	    0.000158	    0.000000	    0.000001	    0.000000
  3160	    0.000316	    0.000159	    0.000157	    0.000000	    0.000001	    0.000000
  3170	    0.000315	    0.000159	    0.000157	    0.000000	    0.000001	    0.000000
  3180	    0.000314	    0.000158	    0.000156	    0.000000	    0.000001	    0.000000
  3190	    0.000313	    0.000158	    0.000156	    0.000000	    0.000001	    0.000000
  3200	    0.000313	    0.000157	    0.000155	    0.000000	    0.000001	    0.000000
  3210	    0.000312	    0.000157	    0.000155	    0.000000	    0.000001	    0.000000
  3220	    0.000311	    0.000156	    0.000154	    0.000000	    0.000001	    0.000000
  3230	    0.000310	    0.000156	    0.000154	    0.000000	    0.000001	    0.000000
  3240	    0.000309	    0.000155	    0.000153	    0.000000	    0.000001	    0.000000
  3250	    0.000308	    0.000155	    0.000153	    0.000000	    0.000001	    0.000000
  3260	    0.000307	    0.000154	    0.000152	    0.000000	    0.000001	    0.000000
  3270	    0.000306	    0.000154	    0.000152	    0.000000	    0.000001	    0.000000
  3280	    0.000305	    0.000154	    0.000151	    0.000000	    0.000001	    0.000000
  3290	    0.000304	    0.000153	    0.000151	    0.000000	    0.000001	    0.000000
  3300	    0.000303	    0.000153	    0.000150	    0.000000	    0.000001	    0.000000
  3310	    0.000302	    0.000152	    0.000150	    0.000000	    0.000001	    0.000000
  3320	    0.000301	    0.000152	    0.000150	    0.000000	    0.000001	    0.000000
  3330	    0.000300	    0.000151	    0.000149	    0.000000	    0.000001	    0.000000
  3340	    0.000299	    0.000151	    0.000149	    0.000000	    0.000001	    0.000000
  3350	    0.000299	    0.000150	    0.000148	    0.000000	    0.000001	    0.000000
  3360	    0.000298	    0.000150	    0.000148	    0.000000	    0.000001	    0.000000
  3370	    0.000297	    0.000149	    0.000147	    0.000000	    0.000001	    0.000000
  3380	    0.000296	    0.000149	    0.000147	    0.000000	    0.000001	    0.000000
  3390	    0.000295	    0.000149	    0.000146	    0.000000	    0.000001	    0.000000
  3400	    0.000294	    0.000148	    0.000146	    0.000000	    0.000001	    0.000000
  3410	    0.000293	    0.000148	    0.000146	    0.000000	    0.000001	    0.000000
  3420	    0.000292	    0.000147	    0.000145	    0.000000	    0.000001	    0.000000
  3430	    0.000292	    0.000147	    0.000145	    0.000000	    0.000001	    0.000000
  3440	    0.000291	    0.000146	    0.000144	    0.000000	    0.000001	    0.000000
  3450	    0.000290	    0.000146	    0.000144	    0.000000	    0.000001	    0.000000
  3460	    0.000289	    0.000146	    0.000143	    0.000000	    0.000001	    0.000000
  3470	    0.000288	    0.000145	    0.000143	    0.000000	    0.000001	    0.000000
  3480	    0.000287	    0.000145	    0.000143	    0.000000	    0.000001	    0.000000
  3490	    0.000287	    0.000144	    0.000142	    0.000000	    0.000001	    0.000000
  3500	    0.000286	    0.000144	    0.000142	    0.000000	    0.000001	    0.000000
  3510	    0.000285	    0.000143	    0.000141	    0.000000	    0.000001	    0.000000
  3520	    0.000284	    0.000143	    0.000141	    0.000000	    0.000001	    0.000000
  3530	    0.000283	    0.000143	    0.000141	    0.000000	    0.000001	    0.000000
  3540	    0.000282	    0.000142	    0.000140	    0.000000	    0.000001	    0.000000
  3550	    0.000282	    0.000142	    0.000140	    0.000000	    0.000001	    0.000000
  3560	    0.000281	    0.000141	    0.000139	    0.000000	    0.000001	    0.000000
  3570	    0.000280	    0.000141	    0.000139	    0.000000	    0.000001	    0.000000
  3580	    0.000279	    0.000141	    0.000139	    0.000000	    0.000001	    0.000000
  3590	    0.000279	    0.000140	    0.000138	    0.000000	    0.000001	    0.000000
  3600	    0.000278	    0.000140	    0.000138	    0.000000	    0.000001	    0.000000
  3610	    0.000277	    0.000139	    0.000138	    0.000000	    0.000001	    0.000000
  3620	    0.000276	    0.000139	    0.000137	    0.000000	    0.000001	    0.000000
  3630	    0.000275	    0.000139	    0.000137	    0.000000	    0.000001	    0.000000
  3640	    0.000275	    0.000138	    0.000136	    0.000000	    0.000001	    0.000000
  3650	    0.000274	    0.000138	    0.000136	    0.000000	    0.000001	    0.000000
  3660	    0.000273	    0.000138	    0.000136	    0.000000	    0.000001	    0.000000
  3670	    0.000272	    0.000137	    0.000135	    0.000000	    0.000001	    0.000000
  3680	    0.000272	    0.000137	    0.000135	    0.000000	    0.000001	    0.000000
  3690	    0.000271	    0.000136	    0.000135	    0.000000	    0.000001	    0.000000
  3700	    0.000270	    0.000136	    0.000134	    0.000000	    0.000001	    0.000000
  3710	    0.000270	    0.000136	    0.000134	    0.000000	    0.000001	    0.000000
  3720	    0.000269	    0.000135	    0.000133	    0.000000	    0.000001	    0.000000
  3730	    0.000268	    0.000135	    0.000133	    0.000000	    0.000001	    0.000000
  3740	    0.000267	    0.000135	    0.000133	    0.000000	    0.000001	    0.000000
  3750	    0.000267	    0.000134	    0.000132	    0.000000	    0.000001	    0.000000
  3760	    0.000266	    0.000134	    0.000132	    0.000000	    0.000001	    0.000000
  3770	    0.000265	    0.000134	    0.000132	    0.000000	    0.000001	    0.000000
  3780	    0.000265	    0.000133	    0.000131	    0.000000	    0.000001	    0.000000
  3790	    0.000264	    0.000133	    0.000131	    0.000000	    0.000001	    0.000000
  3800	    0.000263	    0.000132	    0.000131	    0.000000	    0.000001	    0.000000
  3810	    0.000262	    0.000132	    0.000130	    0.000000	    0.000001	    0.000000
  3820	    0.000262	    0.000132	    0.000130	    0.000000	    0.000001	    0.000000
  3830	    0.000261	    0.000131	    0.000130	    0.000000	    0.000001	    0.000000
  3840	    0.000260	    0.000131	    0.000129	    0.000000	    0.000001	    0.000000
  3850	    0.000260	    0.000131	    0.000129	    0.000000	    0.000001	    0.000000
  3860	    0.000259	    0.000130	    0.000129	    0.000000	    0.000001	    0.000000
  3870	    0.000258	    0.000130	    0.000128	    0.000000	    0.000001	    0.000000
  3880	    0.000258	    0.000130	    0.000128	    0.000000	    0.000001	    0.000000
  3890	    0.000257	    0.000129	    0.000128	    0.000000	    0.000001	    0.000000
  3900	    0.000256	    0.000129	    0.000127	    0.000000	    0.000001	    0.000000
  3910	    0.000256	    0.000129	    0.000127	    0.000000	    0.000001	    0.000000
  3920	    0.000255	    0.000128	    0.000127	    0.000000	    0.000001	    0.000000
  3930	    0.000254	    0.000128	    0.000126	    0.000000	    0.000001	    0.000000
  3940	    0.000254	    0.000128	    0.000126	    0.000000	    0.000001	    0.000000
  3950	    0.000253	    0.000127	    0.000126	    0.000000	    0.000001	    0.000000
  3960	    0.000253	    0.000127	    0.000125	    0.000000	    0.000001	    0.000000
  3970	    0.000252	    0.000127	    0.000125	    0.000000	    0.000001	    0.000000
  3980	    0.000251	    0.000126	    0.000125	    0.000000	    0.000001	    0.000000
  3990	    0.000251	    0.000126	    0.000124	    0.000000	    0.000001	    0.000000
  4000	    0.000250	    0.000126	    0.000124	    0.000000	    0.000001	    0.000000
  4010	    0.000249	    0.000126	    0.000124	    0.000000	    0.000001	    0.000000
  4020	    0.000249	    0.000125	    0.000124	    0.000000	    0.000001	    0.000000
  4030	    0.000248	    0.000125	    0.000123	    0.000000	    0.000001	    0.000000
  4040	    0.000248	    0.000125	    0.000123	    0.000000	    0.000001	    0.000000
  4050	    0.000247	    0.000124	    0.000123	    0.000000	    0.000001	    0.000000
  4060	    0.000246	    0.000124	    0.000122	    0.000000	    0.000001	    0.000000
  4070	    0.000246	    0.000124	    0.000122	    0.000000	    0.000001	    0.000000
  4080	    0.000245	    0.000123	    0.000122	    0.000000	    0.000001	    0.000000
  4090	    0.000244	    0.000123	    0.000121	    0.000000	    0.000001	    0.000000
  4100	    0.000244	    0.000123	    0.000121	    0.000000	    0.000001	    0.000000
  4110	    0.000243	    0.000122	    0.000121	    0.000000	    0.000001	    0.000000
  4120	    0.000243	    0.000122	    0.000121	    0.000000	    0.000001	    0.000000
  4130	    0.000242	    0.000122	    0.000120	    0.000000	    0.000001	    0.000000
  4140	    0.000242	    0.000122	    0.000120	    0.000000	    0.000001	    0.000000
  4150	    0.000241	    0.000121	    0.000120	    0.000000	    0.000001	    0.000000
  4160	    0.000240	    0.000121	    0.000119	    0.000000	    0.000001	    0.000000
  4170	    0.000240	    0.000121	    0.000119	    0.000000	    0.000001	    0.000000
  4180	    0.000239	    0.000120	    0.000119	    0.000000	    0.000001	    0.000000
  4190	    0.000239	    0.000120	    0.000119	    0.000000	    0.000001	    0.000000
  4200	    0.000238	    0.000120	    0.000118	    0.000000	    0.000001	    0.000000
  4210	    0.000238	    0.000120	    0.000118	    0.000000	    0.000001	    0.000000
  4220	    0.000237	    0.000119	    0.000118	    0.000000	    0.000001	    0.000000
  4230	    0.000236	    0.000119	    0.000117	    0.000000	    0.000001	    0.000000
  4240	    0.000236	    0.000119	    0.000117	    0.000000	    0.000001	    0.000000
  4250	    0.000235	    0.000118	    0.000117	    0.000000	    0.000001	    0.000000
  4260	    0.000235	    0.000118	    0.000117	    0.000000	    0.000001	    0.000000
  4270	    0.000234	    0.000118	    0.000116	    0.000000	    0.000001	    0.000000
  4280	    0.000234	    0.000118	    0.000116	    0.000000	    0.000001	    0.000000
  4290	    0.000233	    0.000117	    0.000116	    0.000000	    0.000001	    0.000000
  4300	    0.000233	    0.000117	    0.000116	    0.000000	    0.000001	    0.000000
  4310	    0.000232	    0.000117	    0.000115	    0.000000	    0.000001	    0.000000
  4320	    0.000231	    0.000116	    0.000115	    0.000000	    0.000001	    0.000000
  4330	    0.000231	    0.000116	    0.000115	    0.000000	    0.000001	    0.000000
  4340	    0.000230	    0.000116	    0.000114	    0.000000	    0.000001	    0.000000
  4350	    0.000230	    0.000116	    0.000114	    0.000000	    0.000001	    0.000000
  4360	    0.000229	    0.000115	    0.000114	    0.000000	    0.000001	    0.000000
  4370	    0.000229	    0.000115	    0.000114	    0.000000	    0.000001	    0.000000
  4380	    0.000228	    0.000115	    0.000113	    0.000000	    0.000001	    0.000000
  4390	    0.000228	    0.000115	    0.000113	    0.000000	    0.000001	    0.000000
  4400	    0.000227	    0.000114	    0.000113	    0.000000	    0.000001	    0.000000
  4410	    0.000227	    0.000114	    0.000113	    0.000000	    0.000001	    0.000000
  4420	    0.000226	    0.000114	    0.000112	    0.000000	    0.000001	    0.000000
  4430	    0.000226	    0.000114	    0.000112	    0.000000	    0.000001	    0.000000
  4440	    0.000225	    0.000113	    0.000112	    0.000000	    0.000001	    0.000000
  4450	    0.000225	    0.000113	    0.000112	    0.000000	    0.000001	    0.000000
  4460	    0.000224	    0.000113	    0.000111	    0.000000	    0.000001	    0.000000
  4470	    0.000224	    0.000113	    0.000111	    0.000000	    0.000001	    0.000000
  4480	    0.000223	    0.000112	    0.000111	    0.000000	    0.000001	    0.000000
  4490	    0.000223	    0.000112	    0.000111	    0.000000	    0.000001	    0.000000
  4500	    0.000222	    0.000112	    0.000110	    0.000000	    0.000001	    0.000000
  4510	    0.000222	    0.000112	    0.000110	    0.000000	    0.000001	    0.000000
  4520	    0.000221	    0.000111	    0.000110	    0.000000	    0.000001	    0.000000
  4530	    0.000221	    0.000111	    0.000110	    0.000000	    0.000001	    0.000000
  4540	    0.000220	    0.000111	    0.000109	    0.000000	    0.000001	    0.000000
  4550	    0.000220	    0.000111	    0.000109	    0.000000	    0.000001	    0.000000
  4560	    0.000219	    0.000110	    0.000109	    0.000000	    0.000001	    0.000000
  4570	    0.000219	    0.000110	    0.000109	    0.000000	    0.000001	    0.000000
  4580	    0.000218	    0.000110	    0.000109	    0.000000	    0.000001	    0.000000
  4590	    0.000218	    0.000110	    0.000108	    0.000000	    0.000001	    0.000000
  4600	    0.000217	    0.000109	    0.000108	    0.000000	    0.000001	    0.000000
  4610	    0.000217	    0.000109	    0.000108	    0.000000	    0.000001	    0.000000
  4620	    0.000216	    0.000109	    0.000108	    0.000000	    0.000001	    0.000000
  4630	    0.000216	    0.000109	    0.000107	    0.000000	    0.000001	    0.000000
  4640	    0.000216	    0.000108	    0.000107	    0.000000	    0.000001	    0.000000
  4650	    0.000215	    0.000108	    0.000107	    0.000000	    0.000001	    0.000000
  4660	    0.000215	    0.000108	    0.000107	    0.000000	    0.000001	    0.000000
  4670	    0.000214	    0.000108	    0.000106	    0.000000	    0.000001	    0.000000
  4680	    0.000214	    0.000107	    0.000106	    0.000000	    0.000001	    0.000000
  4690	    0.000213	    0.000107	    0.000106	    0.000000	    0.000001	    0.000000
  4700	    0.000213	    0.000107	    0.000106	    0.000000	    0.000001	    0.000000
  4710	    0.000212	    0.000107	    0.000106	    0.000000	    0.000001	    0.000000
  4720	    0.000212	    0.000107	    0.000105	    0.000000	    0.000001	    0.000000
  4730	    0.000211	    0.000106	    0.000105	    0.000000	    0.000001	    0.000000
  4740	    0.000211	    0.000106	    0.000105	    0.000000	    0.000001	    0.000000
  4750	    0.000211	    0.000106	    0.000105	    0.000000	    0.000001	    0.000000
  4760	    0.000210	    0.000106	    0.000104	    0.000000	    0.000001	    0.000000
  4770	    0.000210	    0.000105	    0.000104	    0.000000	    0.000001	    0.000000
  4780	    0.000209	    0.000105	    0.000104	    0.000000	    0.000001	    0.000000
  4790	    0.000209	    0.000105	    0.000104	    0.000000	    0.000001	    0.000000
  4800	    0.000208	    0.000105	    0.000104	    0.000000	    0.000001	    0.000000
  4810	    0.000208	    0.000105	    0.000103	    0.000000	    0.000001	    0.000000
  4820	    0.000207	    0.000104	    0.000103	    0.000000	    0.000001	    0.000000
  4830	    0.000207	    0.000104	    0.000103	    0.000000	    0.000001	    0.000000
  4840	    0.000207	    0.000104	    0.000103	    0.000000	    0.000001	    0.000000
  4850	    0.000206	    0.000104	    0.000102	    0.000000	    0.000001	    0.000000
  4860	    0.000206	    0.000103	    0.000102	    0.000000	    0.000001	    0.000000
  4870	    0.000205	    0.000103	    0.000102	    0.000000	    0.000001	    0.000000
  4880	    0.000205	    0.000103	    0.000102	    0.000000	    0.000001	    0.000000
  4890	    0.000204	    0.000103	    0.000102	    0.000000	    0.000001	    0.000000
  4900	    0.000204	    0.000103	    0.000101	    0.000000	    0.000001	    0.000000
  4910	    0.000204	    0.000102	    0.000101	    0.000000	    0.000001	    0.000000
  4920	    0.000203	    0.000102	    0.000101	    0.000000	    0.000001	    0.000000
  4930	    0.000203	    0.000102	    0.000101	    0.000000	    0.000001	    0.000000
  4940	    0.000202	    0.000102	    0.000101	    0.000000	    0.000001	    0.000000
  4950	    0.000202	    0.000102	    0.000100	    0.000000	    0.000001	    0.000000
  4960	    0.000202	    0.000101	    0.000100	    0.000000	    0.000001	    0.000000
  4970	    0.000201	    0.000101	    0.000100	    0.000000	    0.000001	    0.000000
  4980	    0.000201	    0.000101	    0.000100	    0.000000	    0.000001	    0.000000
  4990	    0.000200	    0.000101	    0.000100	    0.000000	    0.000001	    0.000000
  5000	    0.000200	    0.000101	    0.000099	    0.000000	    0.000001	    0.000000
  5010	    0.000200	    0.000100	    0.000099	    0.000000	    0.000001	    0.000000
  5020	    0.000199	    0.000100	    0.000099	    0.000000	    0.000001	    0.000000
  5030	    0.000199	    0.000100	    0.000099	    0.000000	    0.000001	    0.000000
  5040	    0.000198	    0.000100	    0.000099	    0.000000	    0.000001	    0.000000
  5050	    0.000198	    0.000100	    0.000098	    0.000000	    0.000001	    0.000000
  5060	    0.000198	    0.000099	    0.000098	    0.000000	    0.000001	    0.000000
  5070	    0.000197	    0.000099	    0.000098	    0.000000	    0.000001	    0.000000
  5080	    0.000197	    0.000099	    0.000098	    0.000000	    0.000001	    0.000000
  5090	    0.000196	    0.000099	    0.000098	    0.000000	    0.000001	    0.000000
  5100	    0.000196	    0.000099	    0.000097	    0.000000	    0.000001	    0.000000
  5110	    0.000196	    0.000098	    0.000097	    0.000000	    0.000001	    0.000000
  5120	    0.000195	    0.000098	    0.000097	    0.000000	    0.000001	    0.000000
  5130	    0.000195	    0.000098	    0.000097	    0.000000	    0.000001	    0.000000
  5140	    0.000195	    0.000098	    0.000097	    0.000000	    0.000001	    0.000000
  5150	    0.000194	    0.000098	    0.000097	    0.000000	    0.000001	    0.000000
  5160	    0.000194	    0.000097	    0.000096	    0.000000	    0.000001	    0.000000
  5170	    0.000193	    0.000097	    0.000096	    0.000000	    0.000001	    0.000000
  5180	    0.000193	    0.000097	    0.000096	    0.000000	    0.000001	    0.000000
  5190	    0.000193	    0.000097	    0.000096	    0.000000	    0.000001	    0.000000
  5200	    0.000192	    0.000097	    0.000096	    0.000000	    0.000001	    0.000000
  5210	    0.000192	    0.000097	    0.000095	    0.000000	    0.000001	    0.000000
  5220	    0.000192	    0.000096	    0.000095	    0.000000	    0.000001	    0.000000
  5230	    0.000191	    0.000096	    0.000095	    0.000000	    0.000001	    0.000000
  5240	    0.000191	    0.000096	    0.000095	    0.000000	    0.000001	    0.000000
  5250	    0.000190	    0.000096	    0.000095	    0.000000	    0.000001	    0.000000
  5260	    0.000190	    0.000096	    0.000095	    0.000000	    0.000001	    0.000000
  5270	    0.000190	    0.000095	    0.000094	    0.000000	    0.000001	    0.000000
  5280	    0.000189	    0.000095	    0.000094	    0.000000	    0.000001	    0.000000
  5290	    0.000189	    0.000095	    0.000094	    0.000000	    0.000001	    0.000000
  5300	    0.000189	    0.000095	    0.000094	    0.000000	    0.000001	    0.000000
  5310	    0.000188	    0.000095	    0.000094	    0.000000	    0.000001	    0.000000
  5320	    0.000188	    0.000095	    0.000093	    0.000000	    0.000001	    0.000000
  5330	    0.000188	    0.000094	    0.000093	    0.000000	    0.000001	    0.000000
  5340	    0.000187	    0.000094	    0.000093	    0.000000	    0.000001	    0.000000
  5350	    0.000187	    0.000094	    0.000093	    0.000000	    0.000001	    0.000000
  5360	    0.000187	    0.000094	    0.000093	    0.000000	    0.000001	    0.000000
  5370	    0.000186	    0.000094	    0.000093	    0.000000	    0.000001	    0.000000
  5380	    0.000186	    0.000093	    0.000092	    0.000000	    0.000001	    0.000000
  5390	    0.000186	    0.000093	    0.000092	    0.000000	    0.000001	    0.000000
  5400	    0.000185	    0.000093	    0.000092	    0.000000	    0.000001	    0.000000
  5410	    0.000185	    0.000093	    0.000092	    0.000000	    0.000001	    0.000000
  5420	    0.000185	    0.000093	    0.000092	    0.000000	    0.000001	    0.000000
  5430	    0.000184	    0.000093	    0.000092	    0.000000	    0.000001	    0.000000
  5440	    0.000184	    0.000092	    0.000091	    0.000000	    0.000001	    0.000000
  5450	    0.000183	    0.000092	    0.000091	    0.000000	    0.000001	    0.000000
  5460	    0.000183	    0.000092	    0.000091	    0.000000	    0.000001	    0.000000
  5470	    0.000183	    0.000092	    0.000091	    0.000000	    0.000001	    0.000000
  5480	    0.000182	    0.000092	    0.000091	    0.000000	    0.000001	    0.000000
  5490	    0.000182	    0.000092	    0.000091	    0.000000	    0.000001	    0.000000
  5500	    0.000182	    0.000091	    0.000090	    0.000000	    0.000001	    0.000000
  5510	    0.000181	    0.000091	    0.000090	    0.000000	    0.000001	    0.000000
  5520	    0.000181	    0.000091	    0.000090	    0.000000	    0.000001	    0.000000
  5530	    0.000181	    0.000091	    0.000090	    0.000000	    0.000001	    0.000000
  5540	    0.000181	    0.000091	    0.000090	    0.000000	    0.000001	    0.000000
  5550	    0.000180	    0.000091	    0.000090	    0.000000	    0.000001	    0.000000
  5560	    0.000180	    0.000090	    0.000089	    0.000000	    0.000001	    0.000000
  5570	    0.000180	    0.000090	    0.000089	    0.000000	    0.000000	    0.000000
  5580	    0.000179	    0.000090	    0.000089	    0.000000	    0.000000	    0.000000
  5590	    0.000179	    0.000090	    0.000089	    0.000000	    0.000000	    0.000000
  5600	    0.000179	    0.000090	    0.000089	    0.000000	    0.000000	    0.000000
  5610	    0.000178	    0.000090	    0.000089	    0.000000	    0.000000	    0.000000
  5620	    0.000178	    0.000089	    0.000088	    0.000000	    0.000000	    0.000000
  5630	    0.000178	    0.000089	    0.000088	    0.000000	    0.000000	    0.000000
  5640	    0.000177	    0.000089	    0.000088	    0.000000	    0.000000	    0.000000
  5650	    0.000177	    0.000089	    0.000088	    0.000000	    0.000000	    0.000000
  5660	    0.000177	    0.000089	    0.000088	    0.000000	    0.000000	    0.000000
  5670	    0.000176	    0.000089	    0.000088	    0.000000	    0.000000	    0.000000
  5680	    0.000176	    0.000089	    0.000088	    0.000000	    0.000000	    0.000000
  5690	    0.000176	    0.000088	    0.000087	    0.000000	    0.000000	    0.000000
  5700	    0.000175	    0.000088	    0.000087	    0.000000	    0.000000	    0.000000
  5710	    0.000175	    0.000088	    0.000087	    0.000000	    0.000000	    0.000000
  5720	    0.000175	    0.000088	    0.000087	    0.000000	    0.000000	    0.000000
  5730	    0.000175	    0.000088	    0.000087	    0.000000	    0.000000	    0.000000
  5740	    0.000174	    0.000088	    0.000087	    0.000000	    0.000000	    0.000000
  5750	    0.000174	    0.000087	    0.000086	    0.000000	    0.000000	    0.000000
  5760	    0.000174	    0.000087	    0.000086	    0.000000	    0.000000	    0.000000
  5770	    0.000173	    0.000087	    0.000086	    0.000000	    0.000000	    0.000000
  5780	    0.000173	    0.000087	    0.000086	    0.000000	    0.000000	    0.000000
  5790	    0.000173	    0.000087	    0.000086	    0.000000	    0.000000	    0.000000
  5800	    0.000172	    0.000087	    0.000086	    0.000000	    0.000000	    0.000000
  5810	    0.000172	    0.000087	    0.000086	    0.000000	    0.000000	    0.000000
  5820	    0.000172	    0.000086	    0.000085	    0.000000	    0.000000	    0.000000
  5830	    0.000172	    0.000086	    0.000085	    0.000000	    0.000000	    0.000000
  5840	    0.000171	    0.000086	    0.000085	    0.000000	    0.000000	    0.000000
  5850	    0.000171	    0.000086	    0.000085	    0.000000	    0.000000	    0.000000
  5860	    0.000171	    0.000086	    0.000085	    0.000000	    0.000000	    0.000000
  5870	    0.000170	    0.000086	    0.000085	    0.000000	    0.000000	    0.000000
  5880	    0.000170	    0.000085	    0.000085	    0.000000	    0.000000	    0.000000
  5890	    0.000170	    0.000085	    0.000084	    0.000000	    0.000000	    0.000000
  5900	    0.000169	    0.000085	    0.000084	    0.000000	    0.000000	    0.000000
  5910	    0.000169	    0.000085	    0.000084	    0.000000	    0.000000	    0.000000
  5920	    0.000169	    0.000085	    0.000084	    0.000000	    0.000000	    0.000000
  5930	    0.000169	    0.000085	    0.000084	    0.000000	    0.000000	    0.000000
  5940	    0.000168	    0.000085	    0.000084	    0.000000	    0.000000	    0.000000
  5950	    0.000168	    0.000084	    0.000084	    0.000000	    0.000000	    0.000000
  5960	    0.000168	    0.000084	    0.000083	    0.000000	    0.000000	    0.000000
  5970	    0.000168	    0.000084	    0.000083	    0.000000	    0.000000	    0.000000
  5980	    0.000167	    0.000084	    0.000083	    0.000000	    0.000000	    0.000000
  5990	    0.000167	    0.000084	    0.000083	    0.000000	    0.000000	    0.000000
  6000	    0.000167	    0.000084	    0.000083	    0.000000	    0.000000	    0.000000
  6010	    0.000166	    0.000084	    0.000083	    0.000000	    0.000000	    0.000000
  6020	    0.000166	    0.000084	    0.000083	    0.000000	    0.000000	    0.000000
  6030	    0.000166	    0.000083	    0.000082	    0.000000	    0.000000	    0.000000
  6040	    0.000166	    0.000083	    0.000082	    0.000000	    0.000000	    0.000000
  6050	    0.000165	    0.000083	    0.000082	    0.000000	    0.000000	    0.000000
  6060	    0.000165	    0.000083	    0.000082	    0.000000	    0.000000	    0.000000
  6070	    0.000165	    0.000083	    0.000082	    0.000000	    0.000000	    0.000000
  6080	    0.000164	    0.000083	    0.000082	    0.000000	    0.000000	    0.000000
  6090	    0.000164	    0.000083	    0.000082	    0.000000	    0.000000	    0.000000
  6100	    0.000164	    0.000082	    0.000082	    0.000000	    0.000000	    0.000000
  6110	    0.000164	    0.000082	    0.000081	    0.000000	    0.000000	    0.000000
  6120	    0.000163	    0.000082	    0.000081	    0.000000	    0.000000	    0.000000
  6130	    0.000163	    0.000082	    0.000081	    0.000000	    0.000000	    0.000000
  6140	    0.000163	    0.000082	    0.000081	    0.000000	    0.000000	    0.000000
  6150	    0.000163	    0.000082	    0.000081	    0.000000	    0.000000	    0.000000
  6160	    0.000162	    0.000082	    0.000081	    0.000000	    0.000000	    0.000000
  6170	    0.000162	    0.000081	    0.000081	    0.000000	    0.000000	    0.000000
  6180	    0.000162	    0.000081	    0.000080	    0.000000	    0.000000	    0.000000
  6190	    0.000162	    0.000081	    0.000080	    0.000000	    0.000000	    0.000000
  6200	    0.000161	    0.000081	    0.000080	    0.000000	    0.000000	    0.000000
  6210	    0.000161	    0.000081	    0.000080	    0.000000	    0.000000	    0.000000
  6220	    0.000161	    0.000081	    0.000080	    0.000000	    0.000000	    0.000000
  6230	    0.000161	    0.000081	    0.000080	    0.000000	    0.000000	    0.000000
  6240	    0.000160	    0.000081	    0.000080	    0.000000	    0.000000	    0.000000
  6250	    0.000160	    0.000080	    0.000080	    0.000000	    0.000000	    0.000000
  6260	    0.000160	    0.000080	    0.000079	    0.000000	    0.000000	    0.000000
  6270	    0.000159	    0.000080	    0.000079	    0.000000	    0.000000	    0.000000
  6280	    0.000159	    0.000080	    0.000079	    0.000000	    0.000000	    0.000000
  6290	    0.000159	    0.000080	    0.000079	    0.000000	    0.000000	    0.000000
  6300	    0.000159	    0.000080	    0.000079	    0.000000	    0.000000	    0.000000
  6310	    0.000158	    0.000080	    0.000079	    0.000000	    0.000000	    0.000000
  6320	    0.000158	    0.000080	    0.000079	    0.000000	    0.000000	    0.000000
  6330	    0.000158	    0.000079	    0.000079	    0.000000	    0.000000	    0.000000
  6340	    0.000158	    0.000079	    0.000078	    0.000000	    0.000000	    0.000000
  6350	    0.000157	    0.000079	    0.000078	    0.000000	    0.000000	    0.000000
  6360	    0.000157	    0.000079	    0.000078	    0.000000	    0.000000	    0.000000
  6370	    0.000157	    0.000079	    0.000078	    0.000000	    0.000000	    0.000000
  6380	    0.000157	    0.000079	    0.000078	    0.000000	    0.000000	    0.000000
  6390	    0.000156	    0.000079	    0.000078	    0.000000	    0.000000	    0.000000
  6400	    0.000156	    0.000079	    0.000078	    0.000000	    0.000000	    0.000000
  6410	    0.000156	    0.000078	    0.000078	    0.000000	    0.000000	    0.000000
  6420	    0.000156	    0.000078	    0.000077	    0.000000	    0.000000	    0.000000
  6430	    0.000156	    0.000078	    0.000077	    0.000000	    0.000000	    0.000000
  6440	    0.000155	    0.000078	    0.000077	    0.000000	    0.000000	    0.000000
  6450	    0.000155	    0.000078	    0.000077	    0.000000	    0.000000	    0.000000
  6460	    0.000155	    0.000078	    0.000077	    0.000000	    0.000000	    0.000000
  6470	    0.000155	    0.000078	    0.000077	    0.000000	    0.000000	    0.000000
  6480	    0.000154	    0.000078	    0.000077	    0.000000	    0.000000	    0.000000
  6490	    0.000154	    0.000077	    0.000077	    0.000000	    0.000000	    0.000000
  6500	    0.000154	    0.000077	    0.000077	    0.000000	    0.000000	    0.000000
  6510	    0.000154	    0.000077	    0.000076	    0.000000	    0.000000	    0.000000
  6520	    0.000153	    0.000077	    0.000076	    0.000000	    0.000000	    0.000000
  6530	    0.000153	    0.000077	    0.000076	    0.000000	    0.000000	    0.000000
  6540	    0.000153	    0.000077	    0.000076	    0.000000	    0.000000	    0.000000
  6550	    0.000153	    0.000077	    0.000076	    0.000000	    0.000000	    0.000000
  6560	    0.000152	    0.000077	    0.000076	    0.000000	    0.000000	    0.000000
  6570	    0.000152	    0.000076	    0.000076	    0.000000	    0.000000	    0.000000
  6580	    0.000152	    0.000076	    0.000076	    0.000000	    0.000000	    0.000000
  6590	    0.000152	    0.000076	    0.000075	    0.000000	    0.000000	    0.000000
  6600	    0.000152	    0.000076	    0.000075	    0.000000	    0.000000	    0.000000
  6610	    0.000151	    0.000076	    0.000075	    0.000000	    0.000000	    0.000000
  6620	    0.000151	    0.000076	    0.000075	    0.000000	    0.000000	    0.000000
  6630	    0.000151	    0.000076	    0.000075	    0.000000	    0.000000	    0.000000
  6640	    0.000151	    0.000076	    0.000075	    0.000000	    0.000000	    0.000000
  6650	    0.000150	    0.000076	    0.000075	    0.000000	    0.000000	    0.000000
  6660	    0.000150	    0.000075	    0.000075	    0.000000	    0.000000	    0.000000
  6670	    0.000150	    0.000075	    0.000075	    0.000000	    0.000000	    0.000000
  6680	    0.000150	    0.000075	    0.000074	    0.000000	    0.000000	    0.000000
  6690	    0.000149	    0.000075	    0.000074	    0.000000	    0.000000	    0.000000
  6700	    0.000149	    0.000075	    0.000074	    0.000000	    0.000000	    0.000000
  6710	    0.000149	    0.000075	    0.000074	    0.000000	    0.000000	    0.000000
  6720	    0.000149	    0.000075	    0.000074	    0.000000	    0.000000	    0.000000
  6730	    0.000149	    0.000075	    0.000074	    0.000000	    0.000000	    0.000000
  6740	    0.000148	    0.000075	    0.000074	    0.000000	    0.000000	    0.000000
  6750	    0.000148	    0.000074	    0.000074	    0.000000	    0.000000	    0.000000
  6760	    0.000148	    0.000074	    0.000074	    0.000000	    0.000000	    0.000000
  6770	    0.000148	    0.000074	    0.000073	    0.000000	    0.000000	    0.000000
  6780	    0.000147	    0.000074	    0.000073	    0.000000	    0.000000	    0.000000
  6790	    0.000147	    0.000074	    0.000073	    0.000000	    0.000000	    0.000000
  6800	    0.000147	    0.000074	    0.000073	    0.000000	    0.000000	    0.000000
  6810	    0.000147	    0.000074	    0.000073	    0.000000	    0.000000	    0.000000
  6820	    0.000147	    0.000074	    0.000073	    0.000000	    0.000000	    0.000000
  6830	    0.000146	    0.000074	    0.000073	    0.000000	    0.000000	    0.000000
  6840	    0.000146	    0.000073	    0.000073	    0.000000	    0.000000	    0.000000
  6850	    0.000146	    0.000073	    0.000073	    0.000000	    0.000000	    0.000000
  6860	    0.000146	    0.000073	    0.000073	    0.000000	    0.000000	    0.000000
  6870	    0.000146	    0.000073	    0.000072	    0.000000	    0.000000	    0.000000
  6880	    0.000145	    0.000073	    0.000072	    0.000000	    0.000000	    0.000000
  6890	    0.000145	    0.000073	    0.000072	    0.000000	    0.000000	    0.000000
  6900	    0.000145	    0.000073	    0.000072	    0.000000	    0.000000	    0.000000
  6910	    0.000145	    0.000073	    0.000072	    0.000000	    0.000000	    0.000000
  6920	    0.000145	    0.000073	    0.000072	    0.000000	    0.000000	    0.000000
  6930	    0.000144	    0.000073	    0.000072	    0.000000	    0.000000	    0.000000
  6940	    0.000144	    0.000072	    0.000072	    0.000000	    0.000000	    0.000000
  6950	    0.000144	    0.000072	    0.000072	    0.000000	    0.000000	    0.000000
  6960	    0.000144	    0.000072	    0.000071	    0.000000	    0.000000	    0.000000
  6970	    0.000143	    0.000072	    0.000071	    0.000000	    0.000000	    0.000000
  6980	    0.000143	    0.000072	    0.000071	    0.000000	    0.000000	    0.000000
  6990	    0.000143	    0.000072	    0.000071	    0.000000	    0.000000	    0.000000
  7000	    0.000143	    0.000072	    0.000071	    0.000000	    0.000000	    0.000000
  7010	    0.000143	    0.000072	    0.000071	    0.000000	    0.000000	    0.000000
  7020	    0.000142	    0.000072	    0.000071	    0.000000	    0.000000	    0.000000
  7030	    0.000142	    0.000071	    0.000071	    0.000000	    0.000000	    0.000000
  7040	    0.000142	    0.000071	    0.000071	    0.000000	    0.000000	    0.000000
  7050	    0.000142	    0.000071	    0.000071	    0.000000	    0.000000	    0.000000
  7060	    0.000142	    0.000071	    0.000070	    0.000000	    0.000000	    0.000000
  7070	    0.000141	    0.000071	    0.000070	    0.000000	    0.000000	    0.000000
  7080	    0.000141	    0.000071	    0.000070	    0.000000	    0.000000	    0.000000
  7090	    0.000141	    0.000071	    0.000070	    0.000000	    0.000000	    0.000000
  7100	    0.000141	    0.000071	    0.000070	    0.000000	    0.000000	    0.000000
  7110	    0.000141	    0.000071	    0.000070	    0.000000	    0.000000	    0.000000
  7120	    0.000140	    0.000071	    0.000070	    0.000000	    0.000000	    0.000000
  7130	    0.000140	    0.000070	    0.000070	    0.000000	    0.000000	    0.000000
  7140	    0.000140	    0.000070	    0.000070	    0.000000	    0.000000	    0.000000
  7150	    0.000140	    0.000070	    0.000070	    0.000000	    0.000000	    0.000000
  7160	    0.000140	    0.000070	    0.000069	    0.000000	    0.000000	    0.000000
  7170	    0.000139	    0.000070	    0.000069	    0.000000	    0.000000	    0.000000
  7180	    0.000139	    0.000070	    0.000069	    0.000000	    0.000000	    0.000000
  7190	    0.000139	    0.000070	    0.000069	    0.000000	    0.000000	    0.000000
  7200	    0.000139	    0.000070	    0.000069	    0.000000	    0.000000	    0.000000
  7210	    0.000139	    0.000070	    0.000069	    0.000000	    0.000000	    0.000000
  7220	    0.000139	    0.000070	    0.000069	    0.000000	    0.000000	    0.000000
  7230	    0.000138	    0.000069	    0.000069	    0.000000	    0.000000	    0.000000
  7240	    0.000138	    0.000069	    0.000069	    0.000000	    0.000000	    0.000000
  7250	    0.000138	    0.000069	    0.000069	    0.000000	    0.000000	    0.000000
  7260	    0.000138	    0.000069	    0.000069	    0.000000	    0.000000	    0.000000
  7270	    0.000138	    0.000069	    0.000068	    0.000000	    0.000000	    0.000000
  7280	    0.000137	    0.000069	    0.000068	    0.000000	    0.000000	    0.000000
  7290	    0.000137	    0.000069	    0.000068	    0.000000	    0.000000	    0.000000
  7300	    0.000137	    0.000069	    0.000068	    0.000000	    0.000000	    0.000000
  7310	    0.000137	    0.000069	    0.000068	    0.000000	    0.000000	    0.000000
  7320	    0.000137	    0.000069	    0.000068	    0.000000	    0.000000	    0.000000
  7330	    0.000136	    0.000069	    0.000068	    0.000000	    0.000000	    0.000000
  7340	    0.000136	    0.000068	    0.000068	    0.000000	    0.000000	    0.000000
  7350	    0.000136	    0.000068	    0.000068	    0.000000	    0.000000	    0.000000
  7360	    0.000136	    0.000068	    0.000068	    0.000000	    0.000000	    0.000000
  7370	    0.000136	    0.000068	    0.000068	    0.000000	    0.000000	    0.000000
  7380	    0.000136	    0.000068	    0.000067	    0.000000	    0.000000	    0.000000
  7390	    0.000135	    0.000068	    0.000067	    0.000000	    0.000000	    0.000000
  7400	    0.000135	    0.000068	    0.000067	    0.000000	    0.000000	    0.000000
  7410	    0.000135	    0.000068	    0.000067	    0.000000	    0.000000	    0.000000
  7420	    0.000135	    0.000068	    0.000067	    0.000000	    0.000000	    0.000000
  7430	    0.000135	    0.000068	    0.000067	    0.000000	    0.000000	    0.000000
  7440	    0.000134	    0.000068	    0.000067	    0.000000	    0.000000	    0.000000
  7450	    0.000134	    0.000067	    0.000067	    0.000000	    0.000000	    0.000000
  7460	    0.000134	    0.000067	    0.000067	    0.000000	    0.000000	    0.000000
  7470	    0.000134	    0.000067	    0.000067	    0.000000	    0.000000	    0.000000
  7480	    0.000134	    0.000067	    0.000067	    0.000000	    0.000000	    0.000000
  7490	    0.000134	    0.000067	    0.000066	    0.000000	    0.000000	    0.000000
  7500	    0.000133	    0.000067	    0.000066	    0.000000	    0.000000	    0.000000
  7510	    0.000133	    0.000067	    0.000066	    0.000000	    0.000000	    0.000000
  7520	    0.000133	    0.000067	    0.000066	    0.000000	    0.000000	    0.000000
  7530	    0.000133	    0.000067	    0.000066	    0.000000	    0.000000	    0.000000
  7540	    0.000133	    0.000067	    0.000066	    0.000000	    0.000000	    0.000000
  7550	    0.000132	    0.000067	    0.000066	    0.000000	    0.000000	    0.000000
  7560	    0.000132	    0.000066	    0.000066	    0.000000	    0.000000	    0.000000
  7570	    0.000132	    0.000066	    0.000066	    0.000000	    0.000000	    0.000000
  7580	    0.000132	    0.000066	    0.000066	    0.000000	    0.000000	    0.000000
  7590	    0.000132	    0.000066	    0.000066	    0.000000	    0.000000	    0.000000
  7600	    0.000132	    0.000066	    0.000065	    0.000000	    0.000000	    0.000000
  7610	    0.000131	    0.000066	    0.000065	    0.000000	    0.000000	    0.000000
  7620	    0.000131	    0.000066	    0.000065	    0.000000	    0.000000	    0.000000
  7630	    0.000131	    0.000066	    0.000065	    0.000000	    0.000000	    0.000000
  7640	    0.000131	    0.000066	    0.000065	    0.000000	    0.000000	    0.000000
  7650	    0.000131	    0.000066	    0.000065	    0.000000	    0.000000	    0.000000
  7660	    0.000131	    0.000066	    0.000065	    0.000000	    0.000000	    0.000000
  7670	    0.000130	    0.000065	    0.000065	    0.000000	    0.000000	    0.000000
  7680	    0.000130	    0.000065	    0.000065	    0.000000	    0.000000	    0.000000
  7690	    0.000130	    0.000065	    0.000065	    0.000000	    0.000000	    0.000000
  7700	    0.000130	    0.000065	    0.000065	    0.000000	    0.000000	    0.000000
  7710	    0.000130	    0.000065	    0.000065	    0.000000	    0.000000	    0.000000
  7720	    0.000130	    0.000065	    0.000064	    0.000000	    0.000000	    0.000000
  7730	    0.000129	    0.000065	    0.000064	    0.000000	    0.000000	    0.000000
  7740	    0.000129	    0.000065	    0.000064	    0.000000	    0.000000	    0.000000
  7750	    0.000129	    0.000065	    0.000064	    0.000000	    0.000000	    0.000000
  7760	    0.000129	    0.000065	    0.000064	    0.000000	    0.000000	    0.000000
  7770	    0.000129	    0.000065	    0.000064	    0.000000	    0.000000	    0.000000
  7780	    0.000129	    0.000065	    0.000064	    0.000000	    0.000000	    0.000000
  7790	    0.000128	    0.000064	    0.000064	    0.000000	    0.000000	    0.000000
  7800	    0.000128	    0.000064	    0.000064	    0.000000	    0.000000	    0.000000
  7810	    0.000128	    0.000064	    0.000064	    0.000000	    0.000000	    0.000000
  7820	    0.000128	    0.000064	    0.000064	    0.000000	    0.000000	    0.000000
  7830	    0.000128	    0.000064	    0.000064	    0.000000	    0.000000	    0.000000
  7840	    0.000128	    0.000064	    0.000063	    0.000000	    0.000000	    0.000000
  7850	    0.000127	    0.000064	    0.000063	    0.000000	    0.000000	    0.000000
  7860	    0.000127	    0.000064	    0.000063	    0.000000	    0.000000	    0.000000
  7870	    0.000127	    0.000064	    0.000063	    0.000000	    0.000000	    0.000000
  7880	    0.000127	    0.000064	    0.000063	    0.000000	    0.000000	    0.000000
  7890	    0.000127	    0.000064	    0.000063	    0.000000	    0.000000	    0.000000
  7900	    0.000127	    0.000064	    0.000063	    0.000000	    0.000000	    0.000000
  7910	    0.000126	    0.000064	    0.000063	    0.000000	    0.000000	    0.000000
  7920	    0.000126	    0.000063	    0.000063	    0.000000	    0.000000	    0.000000
  7930	    0.000126	    0.000063	    0.000063	    0.000000	    0.000000	    0.000000
  7940	    0.000126	    0.000063	    0.000063	    0.000000	    0.000000	    0.000000
  7950	    0.000126	    0.000063	    0.000063	    0.000000	    0.000000	    0.000000
  7960	    0.000126	    0.000063	    0.000063	    0.000000	    0.000000	    0.000000
  7970	    0.000125	    0.000063	    0.000062	    0.000000	    0.000000	    0.000000
  7980	    0.000125	    0.000063	    0.000062	    0.000000	    0.000000	    0.000000
  7990	    0.000125	    0.000063	    0.000062	    0.000000	    0.000000	    0.000000
  8000	    0.000125	    0.000063	    0.000062	    0.000000	    0.000000	    0.000000
  8010	    0.000125	    0.000063	    0.000062	    0.000000	    0.000000	    0.000000
  8020	    0.000125	    0.000063	    0.000062	    0.000000	    0.000000	    0.000000
  8030	    0.000125	    0.000063	    0.000062	    0.000000	    0.000000	    0.000000
  8040	    0.000124	    0.000062	    0.000062	    0.000000	    0.000000	    0.000000
  8050	    0.000124	    0.000062	    0.000062	    0.000000	    0.000000	    0.000000
  8060	    0.000124	    0.000062	    0.000062	    0.000000	    0.000000	    0.000000
  8070	    0.000124	    0.000062	    0.000062	    0.000000	    0.000000	    0.000000
  8080	    0.000124	    0.000062	    0.000062	    0.000000	    0.000000	    0.000000
  8090	    0.000124	    0.000062	    0.000062	    0.000000	    0.000000	    0.000000
  8100	    0.000123	    0.000062	    0.000061	    0.000000	    0.000000	    0.000000
  8110	    0.000123	    0.000062	    0.000061	    0.000000	    0.000000	    0.000000
  8120	    0.000123	    0.000062	    0.000061	    0.000000	    0.000000	    0.000000
  8130	    0.000123	    0.000062	    0.000061	    0.000000	    0.000000	    0.000000
  8140	    0.000123	    0.000062	    0.000061	    0.000000	    0.000000	    0.000000
  8150	    0.000123	    0.000062	    0.000061	    0.000000	    0.000000	    0.000000
  8160	    0.000123	    0.000062	    0.000061	    0.000000	    0.000000	    0.000000
  8170	    0.000122	    0.000061	    0.000061	    0.000000	    0.000000	    0.000000
  8180	    0.000122	    0.000061	    0.000061	    0.000000	    0.000000	    0.000000
  8190	    0.000122	    0.000061	    0.000061	    0.000000	    0.000000	    0.000000
  8200	    0.000122	    0.000061	    0.000061	    0.000000	    0.000000	    0.000000
  8210	    0.000122	    0.000061	    0.000061	    0.000000	    0.000000	    0.000000
  8220	    0.000122	    0.000061	    0.000061	    0.000000	    0.000000	    0.000000
  8230	    0.000122	    0.000061	    0.000060	    0.000000	    0.000000	    0.000000
  8240	    0.000121	    0.000061	    0.000060	    0.000000	    0.000000	    0.000000
  8250	    0.000121	    0.000061	    0.000060	    0.000000	    0.000000	    0.000000
  8260	    0.000121	    0.000061	    0.000060	    0.000000	    0.000000	    0.000000
  8270	    0.000121	    0.000061	    0.000060	    0.000000	    0.000000	    0.000000
  8280	    0.000121	    0.000061	    0.000060	    0.000000	    0.000000	    0.000000
  8290	    0.000121	    0.000061	    0.000060	    0.000000	    0.000000	    0.000000
  8300	    0.000120	    0.000061	    0.000060	    0.000000	    0.000000	    0.000000
  8310	    0.000120	    0.000060	    0.000060	    0.000000	    0.000000	    0.000000
  8320	    0.000120	    0.000060	    0.000060	    0.000000	    0.000000	    0.000000
  8330	    0.000120	    0.000060	    0.000060	    0.000000	    0.000000	    0.000000
  8340	    0.000120	    0.000060	    0.000060	    0.000000	    0.000000	    0.000000
  8350	    0.000120	    0.000060	    0.000060	    0.000000	    0.000000	    0.000000
  8360	    0.000120	    0.000060	    0.000060	    0.000000	    0.000000	    0.000000
  8370	    0.000119	    0.000060	    0.000059	    0.000000	    0.000000	    0.000000
  8380	    0.000119	    0.000060	    0.000059	    0.000000	    0.000000	    0.000000
  8390	    0.000119	    0.000060	    0.000059	    0.000000	    0.000000	    0.000000
  8400	    0.000119	    0.000060	    0.000059	    0.000000	    0.000000	    0.000000
  8410	    0.000119	    0.000060	    0.000059	    0.000000	    0.000000	    0.000000
  8420	    0.000119	    0.000060	    0.000059	    0.000000	    0.000000	    0.000000
  8430	    0.000119	    0.000060	    0.000059	    0.000000	    0.000000	    0.000000
  8440	    0.000118	    0.000060	    0.000059	    0.000000	    0.000000	    0.000000
  8450	    0.000118	    0.000059	    0.000059	    0.000000	    0.000000	    0.000000
  8460	    0.000118	    0.000059	    0.000059	    0.000000	    0.000000	    0.000000
  8470	    0.000118	    0.000059	    0.000059	    0.000000	    0.000000	    0.000000
  8480	    0.000118	    0.000059	    0.000059	    0.000000	    0.000000	    0.000000
  8490	    0.000118	    0.000059	    0.000059	    0.000000	    0.000000	    0.000000
  8500	    0.000118	    0.000059	    0.000059	    0.000000	    0.000000	    0.000000
  8510	    0.000118	    0.000059	    0.000058	    0.000000	    0.000000	    0.000000
  8520	    0.000117	    0.000059	    0.000058	    0.000000	    0.000000	    0.000000
  8530	    0.000117	    0.000059	    0.000058	    0.000000	    0.000000	    0.000000
  8540	    0.000117	    0.000059	    0.000058	    0.000000	    0.000000	    0.000000
  8550	    0.000117	    0.000059	    0.000058	    0.000000	    0.000000	    0.000000
  8560	    0.000117	    0.000059	    0.000058	    0.000000	    0.000000	    0.000000
  8570	    0.000117	    0.000059	    0.000058	    0.000000	    0.000000	    0.000000
  8580	    0.000117	    0.000059	    0.000058	    0.000000	    0.000000	    0.000000
  8590	    0.000116	    0.000058	    0.000058	    0.000000	    0.000000	    0.000000
  8600	    0.000116	    0.000058	    0.000058	    0.000000	    0.000000	    0.000000
  8610	    0.000116	    0.000058	    0.000058	    0.000000	    0.000000	    0.000000
  8620	    0.000116	    0.000058	    0.000058	    0.000000	    0.000000	    0.000000
  8630	    0.000116	    0.000058	    0.000058	    0.000000	    0.000000	    0.000000
  8640	    0.000116	    0.000058	    0.000058	    0.000000	    0.000000	    0.000000
  8650	    0.000116	    0.000058	    0.000058	    0.000000	    0.000000	    0.000000
  8660	    0.000115	    0.000058	    0.000057	    0.000000	    0.000000	    0.000000
  8670	    0.000115	    0.000058	    0.000057	    0.000000	    0.000000	    0.000000
  8680	    0.000115	    0.000058	    0.000057	    0.000000	    0.000000	    0.000000
  8690	    0.000115	    0.000058	    0.000057	    0.000000	    0.000000	    0.000000
  8700	    0.000115	    0.000058	    0.000057	    0.000000	    0.000000	    0.000000
  8710	    0.000115	    0.000058	    0.000057	    0.000000	    0.000000	    0.000000
  8720	    0.000115	    0.000058	    0.000057	    0.000000	    0.000000	    0.000000
  8730	    0.000115	    0.000058	    0.000057	    0.000000	    0.000000	    0.000000
  8740	    0.000114	    0.000057	    0.000057	    0.000000	    0.000000	    0.000000
  8750	    0.000114	    0.000057	    0.000057	    0.000000	    0.000000	    0.000000
  8760	    0.000114	    0.000057	    0.000057	    0.000000	    0.000000	    0.000000
  8770	    0.000114	    0.000057	    0.000057	    0.000000	    0.000000	    0.000000
  8780	    0.000114	    0.000057	    0.000057	    0.000000	    0.000000	    0.000000
  8790	    0.000114	    0.000057	    0.000057	    0.000000	    0.000000	    0.000000
  8800	    0.000114	    0.000057	    0.000057	    0.000000	    0.000000	    0.000000
  8810	    0.000114	    0.000057	    0.000057	    0.000000	    0.000000	    0.000000
  8820	    0.000113	    0.000057	    0.000056	    0.000000	    0.000000	    0.000000
  8830	    0.000113	    0.000057	    0.000056	    0.000000	    0.000000	    0.000000
  8840	    0.000113	    0.000057	    0.000056	    0.000000	    0.000000	    0.000000
  8850	    0.000113	    0.000057	    0.000056	    0.000000	    0.000000	    0.000000
  8860	    0.000113	    0.000057	    0.000056	    0.000000	    0.000000	    0.000000
  8870	    0.000113	    0.000057	    0.000056	    0.000000	    0.000000	    0.000000
  8880	    0.000113	    0.000057	    0.000056	    0.000000	    0.000000	    0.000000
  8890	    0.000112	    0.000056	    0.000056	    0.000000	    0.000000	    0.000000
  8900	    0.000112	    0.000056	    0.000056	    0.000000	    0.000000	    0.000000
  8910	    0.000112	    0.000056	    0.000056	    0.000000	    0.000000	    0.000000
  8920	    0.000112	    0.000056	    0.000056	    0.000000	    0.000000	    0.000000
  8930	    0.000112	    0.000056	    0.000056	    0.000000	    0.000000	    0.000000
  8940	    0.000112	    0.000056	    0.000056	    0.000000	    0.000000	    0.000000
  8950	    0.000112	    0.000056	    0.000056	    0.000000	    0.000000	    0.000000
  8960	    0.000112	    0.000056	    0.000056	    0.000000	    0.000000	    0.000000
  8970	    0.000111	    0.000056	    0.000055	    0.000000	    0.000000	    0.000000
  8980	    0.000111	    0.000056	    0.000055	    0.000000	    0.000000	    0.000000
  8990	    0.000111	    0.000056	    0.000055	    0.000000	    0.000000	    0.000000
  9000	    0.000111	    0.000056	    0.000055	    0.000000	    0.000000	    0.000000
  9010	    0.000111	    0.000056	    0.000055	    0.000000	    0.000000	    0.000000
  9020	    0.000111	    0.000056	    0.000055	    0.000000	    0.000000	    0.000000
  9030	    0.000111	    0.000056	    0.000055	    0.000000	    0.000000	    0.000000
  9040	    0.000111	    0.000056	    0.000055	    0.000000	    0.000000	    0.000000
  9050	    0.000110	    0.000055	    0.000055	    0.000000	    0.000000	    0.000000
  9060	    0.000110	    0.000055	    0.000055	    0.000000	    0.000000	    0.000000
  9070	    0.000110	    0.000055	    0.000055	    0.000000	    0.000000	    0.000000
  9080	    0.000110	    0.000055	    0.000055	    0.000000	    0.000000	    0.000000
  9090	    0.000110	    0.000055	    0.000055	    0.000000	    0.000000	    0.000000
  9100	    0.000110	    0.000055	    0.000055	    0.000000	    0.000000	    0.000000
  9110	    0.000110	    0.000055	    0.000055	    0.000000	    0.000000	    0.000000
  9120	    0.000110	    0.000055	    0.000055	    0.000000	    0.000000	    0.000000
  9130	    0.000110	    0.000055	    0.000055	    0.000000	    0.000000	    0.000000
  9140	    0.000109	    0.000055	    0.000054	    0.000000	    0.000000	    0.000000
  9150	    0.000109	    0.000055	    0.000054	    0.000000	    0.000000	    0.000000
  9160	    0.000109	    0.000055	    0.000054	    0.000000	    0.000000	    0.000000
  9170	    0.000109	    0.000055	    0.000054	    0.000000	    0.000000	    0.000000
  9180	    0.000109	    0.000055	    0.000054	    0.000000	    0.000000	    0.000000
  9190	    0.000109	    0.000055	    0.000054	    0.000000	    0.000000	    0.000000
  9200	    0.000109	    0.000055	    0.000054	    0.000000	    0.000000	    0.000000
  9210	    0.000109	    0.000055	    0.000054	    0.000000	    0.000000	    0.000000
  9220	    0.000108	    0.000054	    0.000054	    0.000000	    0.000000	    0.000000
  9230	    0.000108	    0.000054	    0.000054	    0.000000	    0.000000	    0.000000
  9240	    0.000108	    0.000054	    0.000054	    0.000000	    0.000000	    0.000000
  9250	    0.000108	    0.000054	    0.000054	    0.000000	    0.000000	    0.000000
  9260	    0.000108	    0.000054	    0.000054	    0.000000	    0.000000	    0.000000
  9270	    0.000108	    0.000054	    0.000054	    0.000000	    0.000000	    0.000000
  9280	    0.000108	    0.000054	    0.000054	    0.000000	    0.000000	    0.000000
  9290	    0.000108	    0.000054	    0.000054	    0.000000	    0.000000	    0.000000
  9300	    0.000108	    0.000054	    0.000054	    0.000000	    0.000000	    0.000000
  9310	    0.000107	    0.000054	    0.000053	    0.000000	    0.000000	    0.000000
  9320	    0.000107	    0.000054	    0.000053	    0.000000	    0.000000	    0.000000
  9330	    0.000107	    0.000054	    0.000053	    0.000000	    0.000000	    0.000000
  9340	    0.000107	    0.000054	    0.000053	    0.000000	    0.000000	    0.000000
  9350	    0.000107	    0.000054	    0.000053	    0.000000	    0.000000	    0.000000
  9360	    0.000107	    0.000054	    0.000053	    0.000000	    0.000000	    0.000000
  9370	    0.000107	    0.000054	    0.000053	    0.000000	    0.000000	    0.000000
  9380	    0.000107	    0.000054	    0.000053	    0.000000	    0.000000	    0.000000
  9390	    0.000106	    0.000053	    0.000053	    0.000000	    0.000000	    0.000000
  9400	    0.000106	    0.000053	    0.000053	    0.000000	    0.000000	    0.000000
  9410	    0.000106	    0.000053	    0.000053	    0.000000	    0.000000	    0.000000
  9420	    0.000106	    0.000053	    0.000053	    0.000000	    0.000000	    0.000000
  9430	    0.000106	    0.000053	    0.000053	    0.000000	    0.000000	    0.000000
  9440	    0.000106	    0.000053	    0.000053	    0.000000	    0.000000	    0.000000
  9450	    0.000106	    0.000053	    0.000053	    0.000000	    0.000000	    0.000000
  9460	    0.000106	    0.000053	    0.000053	    0.000000	    0.000000	    0.000000
  9470	    0.000106	    0.000053	    0.000053	    0.000000	    0.000000	    0.000000
  9480	    0.000105	    0.000053	    0.000053	    0.000000	    0.000000	    0.000000
  9490	    0.000105	    0.000053	    0.000052	    0.000000	    0.000000	    0.000000
  9500	    0.000105	    0.000053	    0.000052	    0.000000	    0.000000	    0.000000
  9510	    0.000105	    0.000053	    0.000052	    0.000000	    0.000000	    0.000000
  9520	    0.000105	    0.000053	    0.000052	    0.000000	    0.000000	    0.000000
  9530	    0.000105	    0.000053	    0.000052	    0.000000	    0.000000	    0.000000
  9540	    0.000105	    0.000053	    0.000052	    0.000000	    0.000000	    0.000000
  9550	    0.000105	    0.000053	    0.000052	    0.000000	    0.000000	    0.000000
  9560	    0.000105	    0.000053	    0.000052	    0.000000	    0.000000	    0.000000
  9570	    0.000104	    0.000052	    0.000052	    0.000000	    0.000000	    0.000000
  9580	    0.000104	    0.000052	    0.000052	    0.000000	    0.000000	    0.000000
  9590	    0.000104	    0.000052	    0.000052	    0.000000	    0.000000	    0.000000
  9600	    0.000104	    0.000052	    0.000052	    0.000000	    0.000000	    0.000000
  9610	    0.000104	    0.000052	    0.000052	    0.000000	    0.000000	    0.000000
  9620	    0.000104	    0.000052	    0.000052	    0.000000	    0.000000	    0.000000
  9630	    0.000104	    0.000052	    0.000052	    0.000000	    0.000000	    0.000000
  9640	    0.000104	    0.000052	    0.000052	    0.000000	    0.000000	    0.000000
  9650	    0.000104	    0.000052	    0.000052	    0.000000	    0.000000	    0.000000
  9660	    0.000104	    0.000052	    0.000052	    0.000000	    0.000000	    0.000000
  9670	    0.000103	    0.000052	    0.000051	    0.000000	    0.000000	    0.000000
  9680	    0.000103	    0.000052	    0.000051	    0.000000	    0.000000	    0.000000
  9690	    0.000103	    0.000052	    0.000051	    0.000000	    0.000000	    0.000000
  9700	    0.000103	    0.000052	    0.000051	    0.000000	    0.000000	    0.000000
  9710	    0.000103	    0.000052	    0.000051	    0.000000	    0.000000	    0.000000
  9720	    0.000103	    0.000052	    0.000051	    0.000000	    0.000000	    0.000000
  9730	    0.000103	    0.000052	    0.000051	    0.000000	    0.000000	    0.000000
  9740	    0.000103	    0.000052	    0.000051	    0.000000	    0.000000	    0.000000
  9750	    0.000103	    0.000051	    0.000051	    0.000000	    0.000000	    0.000000
  9760	    0.000102	    0.000051	    0.000051	    0.000000	    0.000000	    0.000000
  9770	    0.000102	    0.000051	    0.000051	    0.000000	    0.000000	    0.000000
  9780	    0.000102	    0.000051	    0.000051	    0.000000	    0.000000	    0.000000
  9790	    0.000102	    0.000051	    0.000051	    0.000000	    0.000000	    0.000000
  9800	    0.000102	    0.000051	    0.000051	    0.000000	    0.000000	    0.000000
  9810	    0.000102	    0.000051	    0.000051	    0.000000	    0.000000	    0.000000
  9820	    0.000102	    0.000051	    0.000051	    0.000000	    0.000000	    0.000000
  9830	    0.000102	    0.000051	    0.000051	    0.000000	    0.000000	    0.000000
  9840	    0.000102	    0.000051	    0.000051	    0.000000	    0.000000	    0.000000
  9850	    0.000102	    0.000051	    0.000051	    0.000000	    0.000000	    0.000000
  9860	    0.000101	    0.000051	    0.000050	    0.000000	    0.000000	    0.000000
  9870	    0.000101	    0.000051	    0.000050	    0.000000	    0.000000	    0.000000
  9880	    0.000101	    0.000051	    0.000050	    0.000000	    0.000000	    0.000000
  9890	    0.000101	    0.000051	    0.000050	    0.000000	    0.000000	    0.000000
  9900	    0.000101	    0.000051	    0.000050	    0.000000	    0.000000	    0.000000
  9910	    0.000101	    0.000051	    0.000050	    0.000000	    0.000000	    0.000000
  9920	    0.000101	    0.000051	    0.000050	    0.000000	    0.000000	    0.000000
  9930	    0.000101	    0.000051	    0.000050	    0.000000	    0.000000	    0.000000
  9940	    0.000101	    0.000051	    0.000050	    0.000000	    0.000000	    0.000000
  9950	    0.000101	    0.000050	    0.000050	    0.000000	    0.000000	    0.000000
  9960	    0.000100	    0.000050	    0.000050	    0.000000	    0.000000	    0.000000
  9970	    0.000100	    0.000050	    0.000050	    0.000000	    0.000000	    0.000000
  9980	    0.000100	    0.000050	    0.000050	    0.000000	    0.000000	    0.000000
  9990	    0.000100	    0.000050	    0.000050	    0.000000	    0.000000	    0.000000
 10000	    0.000100	    0.000050	    0.000050	    0.000000	    0.000000	    0.000000
