Func 4: f(x)=sqrt(x), [0.1,10]
I_exact = 21.060769216721
h = (b-a)/n

n	h	E_left	E_right	E_mid	E_trap	E_simp
---	---	-------	-------	-----	------	------
    10	    0.990000	    1.498896	    1.318693	    0.038865	    0.090102	    0.020652
    20	    0.495000	    0.730016	    0.678779	    0.011822	    0.025618	    0.004124
    30	    0.330000	    0.481560	    0.457637	    0.005682	    0.011961	    0.001454
    40	    0.247500	    0.359097	    0.345300	    0.003329	    0.006898	    0.000658
    50	    0.198000	    0.286238	    0.277279	    0.002182	    0.004480	    0.000345
    60	    0.165000	    0.237939	    0.231660	    0.001539	    0.003140	    0.000199
    70	    0.141429	    0.203577	    0.198935	    0.001143	    0.002321	    0.000123
    80	    0.123750	    0.177884	    0.174315	    0.000881	    0.001785	    0.000080
    90	    0.110000	    0.157947	    0.155118	    0.000700	    0.001415	    0.000055
   100	    0.099000	    0.142028	    0.139731	    0.000569	    0.001149	    0.000038
   110	    0.090000	    0.129023	    0.127121	    0.000472	    0.000951	    0.000028
   120	    0.082500	    0.118200	    0.116599	    0.000398	    0.000800	    0.000021
   130	    0.076154	    0.109052	    0.107686	    0.000340	    0.000683	    0.000016
   140	    0.070714	    0.101217	    0.100039	    0.000293	    0.000589	    0.000012
   150	    0.066000	    0.094433	    0.093406	    0.000256	    0.000514	    0.000009
   160	    0.061875	    0.088501	    0.087598	    0.000225	    0.000452	    0.000007
   170	    0.058235	    0.083271	    0.082470	    0.000200	    0.000400	    0.000006
   180	    0.055000	    0.078624	    0.077909	    0.000178	    0.000357	    0.000005
   190	    0.052105	    0.074468	    0.073826	    0.000160	    0.000321	    0.000004
   200	    0.049500	    0.070729	    0.070150	    0.000144	    0.000290	    0.000003
   210	    0.047143	    0.067348	    0.066823	    0.000131	    0.000263	    0.000003
   220	    0.045000	    0.064276	    0.063797	    0.000120	    0.000239	    0.000002
   230	    0.043043	    0.061471	    0.061033	    0.000109	    0.000219	    0.000002
   240	    0.041250	    0.058901	    0.058498	    0.000100	    0.000201	    0.000002
   250	    0.039600	    0.056537	    0.056166	    0.000093	    0.000186	    0.000001
   260	    0.038077	    0.054356	    0.054013	    0.000086	    0.000172	    0.000001
   270	    0.036667	    0.052337	    0.052018	    0.000079	    0.000159	    0.000001
   280	    0.035357	    0.050462	    0.050166	    0.000074	    0.000148	    0.000001
   290	    0.034138	    0.048717	    0.048441	    0.000069	    0.000138	    0.000001
   300	    0.033000	    0.047089	    0.046831	    0.000064	    0.000129	    0.000001
   310	    0.031935	    0.045566	    0.045324	    0.000060	    0.000121	    0.000001
   320	    0.030938	    0.044138	    0.043911	    0.000057	    0.000113	    0.000001
   330	    0.030000	    0.042797	    0.042584	    0.000053	    0.000107	    0.000000
   340	    0.029118	    0.041536	    0.041335	    0.000050	    0.000100	    0.000000
   350	    0.028286	    0.040346	    0.040157	    0.000047	    0.000095	    0.000000
   360	    0.027500	    0.039223	    0.039044	    0.000045	    0.000090	    0.000000
   370	    0.026757	    0.038160	    0.037991	    0.000042	    0.000085	    0.000000
   380	    0.026053	    0.037154	    0.036993	    0.000040	    0.000080	    0.000000
   390	    0.025385	    0.036199	    0.036047	    0.000038	    0.000076	    0.000000
   400	    0.024750	    0.035292	    0.035147	    0.000036	    0.000073	    0.000000
   410	    0.024146	    0.034430	    0.034292	    0.000035	    0.000069	    0.000000
   420	    0.023571	    0.033609	    0.033477	    0.000033	    0.000066	    0.000000
   430	    0.023023	    0.032825	    0.032700	    0.000031	    0.000063	    0.000000
   440	    0.022500	    0.032078	    0.031958	    0.000030	    0.000060	    0.000000
   450	    0.022000	    0.031364	    0.031249	    0.000029	    0.000057	    0.000000
   460	    0.021522	    0.030681	    0.030571	    0.000027	    0.000055	    0.000000
   470	    0.021064	    0.030027	    0.029922	    0.000026	    0.000053	    0.000000
   480	    0.020625	    0.029400	    0.029299	    0.000025	    0.000050	    0.000000
   490	    0.020204	    0.028799	    0.028703	    0.000024	    0.000048	    0.000000
   500	    0.019800	    0.028222	    0.028129	    0.000023	    0.000046	    0.000000
   510	    0.019412	    0.027668	    0.027579	    0.000022	    0.000045	    0.000000
   520	    0.019038	    0.027135	    0.027049	    0.000021	    0.000043	    0.000000
   530	    0.018679	    0.026622	    0.026540	    0.000021	    0.000041	    0.000000
   540	    0.018333	    0.026129	    0.026049	    0.000020	    0.000040	    0.000000
   550	    0.018000	    0.025653	    0.025576	    0.000019	    0.000038	    0.000000
   560	    0.017679	    0.025194	    0.025120	    0.000019	    0.000037	    0.000000
   570	    0.017368	    0.024751	    0.024680	    0.000018	    0.000036	    0.000000
   580	    0.017069	    0.024324	    0.024255	    0.000017	    0.000035	    0.000000
   590	    0.016780	    0.023911	    0.023845	    0.000017	    0.000033	    0.000000
   600	    0.016500	    0.023512	    0.023448	    0.000016	    0.000032	    0.000000
   610	    0.016230	    0.023126	    0.023064	    0.000016	    0.000031	    0.000000
   620	    0.015968	    0.022753	    0.022692	    0.000015	    0.000030	    0.000000
   630	    0.015714	    0.022391	    0.022333	    0.000015	    0.000029	    0.000000
   640	    0.015469	    0.022041	    0.021984	    0.000014	    0.000028	    0.000000
   650	    0.015231	    0.021701	    0.021646	    0.000014	    0.000028	    0.000000
   660	    0.015000	    0.021372	    0.021319	    0.000013	    0.000027	    0.000000
   670	    0.014776	    0.021053	    0.021001	    0.000013	    0.000026	    0.000000
   680	    0.014559	    0.020743	    0.020692	    0.000013	    0.000025	    0.000000
   690	    0.014348	    0.020442	    0.020393	    0.000012	    0.000024	    0.000000
   700	    0.014143	    0.020149	    0.020102	    0.000012	    0.000024	    0.000000
   710	    0.013944	    0.019865	    0.019819	    0.000012	    0.000023	    0.000000
   720	    0.013750	    0.019589	    0.019544	    0.000011	    0.000022	    0.000000
   730	    0.013562	    0.019320	    0.019277	    0.000011	    0.000022	    0.000000
   740	    0.013378	    0.019059	    0.019017	    0.000011	    0.000021	    0.000000
   750	    0.013200	    0.018805	    0.018763	    0.000010	    0.000021	    0.000000
   760	    0.013026	    0.018557	    0.018517	    0.000010	    0.000020	    0.000000
   770	    0.012857	    0.018316	    0.018276	    0.000010	    0.000020	    0.000000
   780	    0.012692	    0.018081	    0.018042	    0.000010	    0.000019	    0.000000
   790	    0.012532	    0.017851	    0.017814	    0.000009	    0.000019	    0.000000
   800	    0.012375	    0.017628	    0.017592	    0.000009	    0.000018	    0.000000
   810	    0.012222	    0.017410	    0.017375	    0.000009	    0.000018	    0.000000
   820	    0.012073	    0.017198	    0.017163	    0.000009	    0.000017	    0.000000
   830	    0.011928	    0.016990	    0.016957	    0.000008	    0.000017	    0.000000
   840	    0.011786	    0.016788	    0.016755	    0.000008	    0.000016	    0.000000
   850	    0.011647	    0.016590	    0.016558	    0.000008	    0.000016	    0.000000
   860	    0.011512	    0.016397	    0.016366	    0.000008	    0.000016	    0.000000
   870	    0.011379	    0.016208	    0.016178	    0.000008	    0.000015	    0.000000
   880	    0.011250	    0.016024	    0.015994	    0.000008	    0.000015	    0.000000
   890	    0.011124	    0.015844	    0.015814	    0.000007	    0.000015	    0.000000
   900	    0.011000	    0.015668	    0.015639	    0.000007	    0.000014	    0.000000
   910	    0.010879	    0.015495	    0.015467	    0.000007	    0.000014	    0.000000
   920	    0.010761	    0.015327	    0.015299	    0.000007	    0.000014	    0.000000
   930	    0.010645	    0.015162	    0.015135	    0.000007	    0.000013	    0.000000
   940	    0.010532	    0.015000	    0.014974	    0.000007	    0.000013	    0.000000
   950	    0.010421	    0.014842	    0.014817	    0.000006	    0.000013	    0.000000
   960	    0.010313	    0.014688	    0.014662	    0.000006	    0.000013	    0.000000
   970	    0.010206	    0.014536	    0.014511	    0.000006	    0.000012	    0.000000
   980	    0.010102	    0.014388	    0.014363	    0.000006	    0.000012	    0.000000
   990	    0.010000	    0.014242	    0.014218	    0.000006	    0.000012	    0.000000
  1000	    0.009900	    0.014100	    0.014076	    0.000006	    0.000012	    0.000000
  1010	    0.009802	    0.013960	    0.013937	    0.000006	    0.000011	    0.000000
  1020	    0.009706	    0.013823	    0.013801	    0.000006	    0.000011	    0.000000
  1030	    0.009612	    0.013689	    0.013667	    0.000005	    0.000011	    0.000000
  1040	    0.009519	    0.013557	    0.013535	    0.000005	    0.000011	    0.000000
  1050	    0.009429	    0.013428	    0.013407	    0.000005	    0.000011	    0.000000
  1060	    0.009340	    0.013301	    0.013280	    0.000005	    0.000010	    0.000000
  1070	    0.009252	    0.013176	    0.013156	    0.000005	    0.000010	    0.000000
  1080	    0.009167	    0.013054	    0.013034	    0.000005	    0.000010	    0.000000
  1090	    0.009083	    0.012935	    0.012915	    0.000005	    0.000010	    0.000000
  1100	    0.009000	    0.012817	    0.012798	    0.000005	    0.000010	    0.000000
  1110	    0.008919	    0.012701	    0.012682	    0.000005	    0.000009	    0.000000
  1120	    0.008839	    0.012588	    0.012569	    0.000005	    0.000009	    0.000000
  1130	    0.008761	    0.012476	    0.012458	    0.000005	    0.000009	    0.000000
  1140	    0.008684	    0.012367	    0.012349	    0.000004	    0.000009	    0.000000
  1150	    0.008609	    0.012259	    0.012242	    0.000004	    0.000009	    0.000000
  1160	    0.008534	    0.012153	    0.012136	    0.000004	    0.000009	    0.000000
  1170	    0.008462	    0.012049	    0.012032	    0.000004	    0.000008	    0.000000
  1180	    0.008390	    0.011947	    0.011931	    0.000004	    0.000008	    0.000000
  1190	    0.008319	    0.011847	    0.011830	    0.000004	    0.000008	    0.000000
  1200	    0.008250	    0.011748	    0.011732	    0.000004	    0.000008	    0.000000
  1210	    0.008182	    0.011651	    0.011635	    0.000004	    0.000008	    0.000000
  1220	    0.008115	    0.011555	    0.011540	    0.000004	    0.000008	    0.000000
  1230	    0.008049	    0.011461	    0.011446	    0.000004	    0.000008	    0.000000
  1240	    0.007984	    0.011369	    0.011354	    0.000004	    0.000008	    0.000000
  1250	    0.007920	    0.011278	    0.011263	    0.000004	    0.000007	    0.000000
  1260	    0.007857	    0.011188	    0.011174	    0.000004	    0.000007	    0.000000
  1270	    0.007795	    0.011100	    0.011086	    0.000004	    0.000007	    0.000000
  1280	    0.007734	    0.011013	    0.010999	    0.000004	    0.000007	    0.000000
  1290	    0.007674	    0.010928	    0.010914	    0.000003	    0.000007	    0.000000
  1300	    0.007615	    0.010844	    0.010830	    0.000003	    0.000007	    0.000000
  1310	    0.007557	    0.010761	    0.010747	    0.000003	    0.000007	    0.000000
  1320	    0.007500	    0.010679	    0.010666	    0.000003	    0.000007	    0.000000
  1330	    0.007444	    0.010599	    0.010586	    0.000003	    0.000007	    0.000000
  1340	    0.007388	    0.010520	    0.010507	    0.000003	    0.000006	    0.000000
  1350	    0.007333	    0.010442	    0.010429	    0.000003	    0.000006	    0.000000
  1360	    0.007279	    0.010365	    0.010353	    0.000003	    0.000006	    0.000000
  1370	    0.007226	    0.010289	    0.010277	    0.000003	    0.000006	    0.000000
  1380	    0.007174	    0.010215	    0.010203	    0.000003	    0.000006	    0.000000
  1390	    0.007122	    0.010141	    0.010129	    0.000003	    0.000006	    0.000000
  1400	    0.007071	    0.010069	    0.010057	    0.000003	    0.000006	    0.000000
  1410	    0.007021	    0.009997	    0.009986	    0.000003	    0.000006	    0.000000
  1420	    0.006972	    0.009927	    0.009915	    0.000003	    0.000006	    0.000000
  1430	    0.006923	    0.009857	    0.009846	    0.000003	    0.000006	    0.000000
  1440	    0.006875	    0.009789	    0.009778	    0.000003	    0.000006	    0.000000
  1450	    0.006828	    0.009721	    0.009710	    0.000003	    0.000006	    0.000000
  1460	    0.006781	    0.009655	    0.009644	    0.000003	    0.000005	    0.000000
  1470	    0.006735	    0.009589	    0.009578	    0.000003	    0.000005	    0.000000
  1480	    0.006689	    0.009524	    0.009514	    0.000003	    0.000005	    0.000000
  1490	    0.006644	    0.009460	    0.009450	    0.000003	    0.000005	    0.000000
  1500	    0.006600	    0.009397	    0.009387	    0.000003	    0.000005	    0.000000
  1510	    0.006556	    0.009335	    0.009325	    0.000003	    0.000005	    0.000000
  1520	    0.006513	    0.009273	    0.009263	    0.000003	    0.000005	    0.000000
  1530	    0.006471	    0.009213	    0.009203	    0.000002	    0.000005	    0.000000
  1540	    0.006429	    0.009153	    0.009143	    0.000002	    0.000005	    0.000000
  1550	    0.006387	    0.009094	    0.009084	    0.000002	    0.000005	    0.000000
  1560	    0.006346	    0.009036	    0.009026	    0.000002	    0.000005	    0.000000
  1570	    0.006306	    0.008978	    0.008968	    0.000002	    0.000005	    0.000000
  1580	    0.006266	    0.008921	    0.008912	    0.000002	    0.000005	    0.000000
  1590	    0.006226	    0.008865	    0.008856	    0.000002	    0.000005	    0.000000
  1600	    0.006188	    0.008810	    0.008800	    0.000002	    0.000005	    0.000000
  1610	    0.006149	    0.008755	    0.008746	    0.000002	    0.000004	    0.000000
  1620	    0.006111	    0.008701	    0.008692	    0.000002	    0.000004	    0.000000
  1630	    0.006074	    0.008647	    0.008639	    0.000002	    0.000004	    0.000000
  1640	    0.006037	    0.008595	    0.008586	    0.000002	    0.000004	    0.000000
  1650	    0.006000	    0.008542	    0.008534	    0.000002	    0.000004	    0.000000
  1660	    0.005964	    0.008491	    0.008482	    0.000002	    0.000004	    0.000000
  1670	    0.005928	    0.008440	    0.008432	    0.000002	    0.000004	    0.000000
  1680	    0.005893	    0.008390	    0.008382	    0.000002	    0.000004	    0.000000
  1690	    0.005858	    0.008340	    0.008332	    0.000002	    0.000004	    0.000000
  1700	    0.005824	    0.008291	    0.008283	    0.000002	    0.000004	    0.000000
  1710	    0.005789	    0.008243	    0.008235	    0.000002	    0.000004	    0.000000
  1720	    0.005756	    0.008195	    0.008187	    0.000002	    0.000004	    0.000000
  1730	    0.005723	    0.008147	    0.008139	    0.000002	    0.000004	    0.000000
  1740	    0.005690	    0.008100	    0.008093	    0.000002	    0.000004	    0.000000
  1750	    0.005657	    0.008054	    0.008046	    0.000002	    0.000004	    0.000000
  1760	    0.005625	    0.008008	    0.008001	    0.000002	    0.000004	    0.000000
  1770	    0.005593	    0.007963	    0.007956	    0.000002	    0.000004	    0.000000
  1780	    0.005562	    0.007918	    0.007911	    0.000002	    0.000004	    0.000000
  1790	    0.005531	    0.007874	    0.007867	    0.000002	    0.000004	    0.000000
  1800	    0.005500	    0.007830	    0.007823	    0.000002	    0.000004	    0.000000
  1810	    0.005470	    0.007787	    0.007780	    0.000002	    0.000004	    0.000000
  1820	    0.005440	    0.007744	    0.007737	    0.000002	    0.000004	    0.000000
  1830	    0.005410	    0.007702	    0.007695	    0.000002	    0.000003	    0.000000
  1840	    0.005380	    0.007660	    0.007653	    0.000002	    0.000003	    0.000000
  1850	    0.005351	    0.007619	    0.007612	    0.000002	    0.000003	    0.000000
  1860	    0.005323	    0.007578	    0.007571	    0.000002	    0.000003	    0.000000
  1870	    0.005294	    0.007537	    0.007530	    0.000002	    0.000003	    0.000000
  1880	    0.005266	    0.007497	    0.007490	    0.000002	    0.000003	    0.000000
  1890	    0.005238	    0.007457	    0.007451	    0.000002	    0.000003	    0.000000
  1900	    0.005211	    0.007418	    0.007411	    0.000002	    0.000003	    0.000000
  1910	    0.005183	    0.007379	    0.007373	    0.000002	    0.000003	    0.000000
  1920	    0.005156	    0.007341	    0.007334	    0.000002	    0.000003	    0.000000
  1930	    0.005130	    0.007303	    0.007296	    0.000002	    0.000003	    0.000000
  1940	    0.005103	    0.007265	    0.007259	    0.000002	    0.000003	    0.000000
  1950	    0.005077	    0.007228	    0.007222	    0.000002	    0.000003	    0.000000
  1960	    0.005051	    0.007191	    0.007185	    0.000002	    0.000003	    0.000000
  1970	    0.005025	    0.007154	    0.007148	    0.000001	    0.000003	    0.000000
  1980	    0.005000	    0.007118	    0.007112	    0.000001	    0.000003	    0.000000
  1990	    0.004975	    0.007082	    0.007076	    0.000001	    0.000003	    0.000000
  2000	    0.004950	    0.007047	    0.007041	    0.000001	    0.000003	    0.000000
  2010	    0.004925	    0.007012	    0.007006	    0.000001	    0.000003	    0.000000
  2020	    0.004901	    0.006977	    0.006971	    0.000001	    0.000003	    0.000000
  2030	    0.004877	    0.006943	    0.006937	    0.000001	    0.000003	    0.000000
  2040	    0.004853	    0.006909	    0.006903	    0.000001	    0.000003	    0.000000
  2050	    0.004829	    0.006875	    0.006869	    0.000001	    0.000003	    0.000000
  2060	    0.004806	    0.006842	    0.006836	    0.000001	    0.000003	    0.000000
  2070	    0.004783	    0.006808	    0.006803	    0.000001	    0.000003	    0.000000
  2080	    0.004760	    0.006776	    0.006770	    0.000001	    0.000003	    0.000000
  2090	    0.004737	    0.006743	    0.006738	    0.000001	    0.000003	    0.000000
  2100	    0.004714	    0.006711	    0.006706	    0.000001	    0.000003	    0.000000
  2110	    0.004692	    0.006679	    0.006674	    0.000001	    0.000003	    0.000000
  2120	    0.004670	    0.006648	    0.006643	    0.000001	    0.000003	    0.000000
  2130	    0.004648	    0.006617	    0.006611	    0.000001	    0.000003	    0.000000
  2140	    0.004626	    0.006586	    0.006581	    0.000001	    0.000003	    0.000000
  2150	    0.004605	    0.006555	    0.006550	    0.000001	    0.000003	    0.000000
  2160	    0.004583	    0.006525	    0.006520	    0.000001	    0.000002	    0.000000
  2170	    0.004562	    0.006495	    0.006490	    0.000001	    0.000002	    0.000000
  2180	    0.004541	    0.006465	    0.006460	    0.000001	    0.000002	    0.000000
  2190	    0.004521	    0.006435	    0.006430	    0.000001	    0.000002	    0.000000
  2200	    0.004500	    0.006406	    0.006401	    0.000001	    0.000002	    0.000000
  2210	    0.004480	    0.006377	    0.006372	    0.000001	    0.000002	    0.000000
  2220	    0.004459	    0.006348	    0.006344	    0.000001	    0.000002	    0.000000
  2230	    0.004439	    0.006320	    0.006315	    0.000001	    0.000002	    0.000000
  2240	    0.004420	    0.006292	    0.006287	    0.000001	    0.000002	    0.000000
  2250	    0.004400	    0.006264	    0.006259	    0.000001	    0.000002	    0.000000
  2260	    0.004381	    0.006236	    0.006231	    0.000001	    0.000002	    0.000000
  2270	    0.004361	    0.006208	    0.006204	    0.000001	    0.000002	    0.000000
  2280	    0.004342	    0.006181	    0.006177	    0.000001	    0.000002	    0.000000
  2290	    0.004323	    0.006154	    0.006150	    0.000001	    0.000002	    0.000000
  2300	    0.004304	    0.006127	    0.006123	    0.000001	    0.000002	    0.000000
  2310	    0.004286	    0.006101	    0.006097	    0.000001	    0.000002	    0.000000
  2320	    0.004267	    0.006075	    0.006070	    0.000001	    0.000002	    0.000000
  2330	    0.004249	    0.006048	    0.006044	    0.000001	    0.000002	    0.000000
  2340	    0.004231	    0.006023	    0.006018	    0.000001	    0.000002	    0.000000
  2350	    0.004213	    0.005997	    0.005993	    0.000001	    0.000002	    0.000000
  2360	    0.004195	    0.005972	    0.005967	    0.000001	    0.000002	    0.000000
  2370	    0.004177	    0.005946	    0.005942	    0.000001	    0.000002	    0.000000
  2380	    0.004160	    0.005921	    0.005917	    0.000001	    0.000002	    0.000000
  2390	    0.004142	    0.005897	    0.005893	    0.000001	    0.000002	    0.000000
  2400	    0.004125	    0.005872	    0.005868	    0.000001	    0.000002	    0.000000
  2410	    0.004108	    0.005848	    0.005844	    0.000001	    0.000002	    0.000000
  2420	    0.004091	    0.005823	    0.005819	    0.000001	    0.000002	    0.000000
  2430	    0.004074	    0.005799	    0.005796	    0.000001	    0.000002	    0.000000
  2440	    0.004057	    0.005776	    0.005772	    0.000001	    0.000002	    0.000000
  2450	    0.004041	    0.005752	    0.005748	    0.000001	    0.000002	    0.000000
  2460	    0.004024	    0.005729	    0.005725	    0.000001	    0.000002	    0.000000
  2470	    0.004008	    0.005706	    0.005702	    0.000001	    0.000002	    0.000000
  2480	    0.003992	    0.005683	    0.005679	    0.000001	    0.000002	    0.000000
  2490	    0.003976	    0.005660	    0.005656	    0.000001	    0.000002	    0.000000
  2500	    0.003960	    0.005637	    0.005633	    0.000001	    0.000002	    0.000000
  2510	    0.003944	    0.005615	    0.005611	    0.000001	    0.000002	    0.000000
  2520	    0.003929	    0.005592	    0.005589	    0.000001	    0.000002	    0.000000
  2530	    0.003913	    0.005570	    0.005567	    0.000001	    0.000002	    0.000000
  2540	    0.003898	    0.005548	    0.005545	    0.000001	    0.000002	    0.000000
  2550	    0.003882	    0.005526	    0.005523	    0.000001	    0.000002	    0.000000
  2560	    0.003867	    0.005505	    0.005501	    0.000001	    0.000002	    0.000000
  2570	    0.003852	    0.005483	    0.005480	    0.000001	    0.000002	    0.000000
  2580	    0.003837	    0.005462	    0.005459	    0.000001	    0.000002	    0.000000
  2590	    0.003822	    0.005441	    0.005438	    0.000001	    0.000002	    0.000000
  2600	    0.003808	    0.005420	    0.005417	    0.000001	    0.000002	    0.000000
  2610	    0.003793	    0.005399	    0.005396	    0.000001	    0.000002	    0.000000
  2620	    0.003779	    0.005379	    0.005375	    0.000001	    0.000002	    0.000000
  2630	    0.003764	    0.005358	    0.005355	    0.000001	    0.000002	    0.000000
  2640	    0.003750	    0.005338	    0.005335	    0.000001	    0.000002	    0.000000
  2650	    0.003736	    0.005318	    0.005315	    0.000001	    0.000002	    0.000000
  2660	    0.003722	    0.005298	    0.005295	    0.000001	    0.000002	    0.000000
  2670	    0.003708	    0.005278	    0.005275	    0.000001	    0.000002	    0.000000
  2680	    0.003694	    0.005258	    0.005255	    0.000001	    0.000002	    0.000000
  2690	    0.003680	    0.005239	    0.005236	    0.000001	    0.000002	    0.000000
  2700	    0.003667	    0.005219	    0.005216	    0.000001	    0.000002	    0.000000
  2710	    0.003653	    0.005200	    0.005197	    0.000001	    0.000002	    0.000000
  2720	    0.003640	    0.005181	    0.005178	    0.000001	    0.000002	    0.000000
  2730	    0.003626	    0.005162	    0.005159	    0.000001	    0.000002	    0.000000
  2740	    0.003613	    0.005143	    0.005140	    0.000001	    0.000002	    0.000000
  2750	    0.003600	    0.005124	    0.005121	    0.000001	    0.000002	    0.000000
  2760	    0.003587	    0.005106	    0.005103	    0.000001	    0.000002	    0.000000
  2770	    0.003574	    0.005087	    0.005084	    0.000001	    0.000002	    0.000000
  2780	    0.003561	    0.005069	    0.005066	    0.000001	    0.000002	    0.000000
  2790	    0.003548	    0.005051	    0.005048	    0.000001	    0.000001	    0.000000
  2800	    0.003536	    0.005033	    0.005030	    0.000001	    0.000001	    0.000000
  2810	    0.003523	    0.005015	    0.005012	    0.000001	    0.000001	    0.000000
  2820	    0.003511	    0.004997	    0.004994	    0.000001	    0.000001	    0.000000
  2830	    0.003498	    0.004980	    0.004977	    0.000001	    0.000001	    0.000000
  2840	    0.003486	    0.004962	    0.004959	    0.000001	    0.000001	    0.000000
  2850	    0.003474	    0.004945	    0.004942	    0.000001	    0.000001	    0.000000
  2860	    0.003462	    0.004927	    0.004924	    0.000001	    0.000001	    0.000000
  2870	    0.003449	    0.004910	    0.004907	    0.000001	    0.000001	    0.000000
  2880	    0.003438	    0.004893	    0.004890	    0.000001	    0.000001	    0.000000
  2890	    0.003426	    0.004876	    0.004873	    0.000001	    0.000001	    0.000000
  2900	    0.003414	    0.004859	    0.004857	    0.000001	    0.000001	    0.000000
  2910	    0.003402	    0.004843	    0.004840	    0.000001	    0.000001	    0.000000
  2920	    0.003390	    0.004826	    0.004823	    0.000001	    0.000001	    0.000000
  2930	    0.003379	    0.004810	    0.004807	    0.000001	    0.000001	    0.000000
  2940	    0.003367	    0.004793	    0.004790	    0.000001	    0.000001	    0.000000
  2950	    0.003356	    0.004777	    0.004774	    0.000001	    0.000001	    0.000000
  2960	    0.003345	    0.004761	    0.004758	    0.000001	    0.000001	    0.000000
  2970	    0.003333	    0.004745	    0.004742	    0.000001	    0.000001	    0.000000
  2980	    0.003322	    0.004729	    0.004726	    0.000001	    0.000001	    0.000000
  2990	    0.003311	    0.004713	    0.004710	    0.000001	    0.000001	    0.000000
  3000	    0.003300	    0.004697	    0.004695	    0.000001	    0.000001	    0.000000
  3010	    0.003289	    0.004682	    0.004679	    0.000001	    0.000001	    0.000000
  3020	    0.003278	    0.004666	    0.004664	    0.000001	    0.000001	    0.000000
  3030	    0.003267	    0.004651	    0.004648	    0.000001	    0.000001	    0.000000
  3040	    0.003257	    0.004635	    0.004633	    0.000001	    0.000001	    0.000000
  3050	    0.003246	    0.004620	    0.004618	    0.000001	    0.000001	    0.000000
  3060	    0.003235	    0.004605	    0.004603	    0.000001	    0.000001	    0.000000
  3070	    0.003225	    0.004590	    0.004588	    0.000001	    0.000001	    0.000000
  3080	    0.003214	    0.004575	    0.004573	    0.000001	    0.000001	    0.000000
  3090	    0.003204	    0.004560	    0.004558	    0.000001	    0.000001	    0.000000
  3100	    0.003194	    0.004546	    0.004543	    0.000001	    0.000001	    0.000000
  3110	    0.003183	    0.004531	    0.004529	    0.000001	    0.000001	    0.000000
  3120	    0.003173	    0.004517	    0.004514	    0.000001	    0.000001	    0.000000
  3130	    0.003163	    0.004502	    0.004500	    0.000001	    0.000001	    0.000000
  3140	    0.003153	    0.004488	    0.004485	    0.000001	    0.000001	    0.000000
  3150	    0.003143	    0.004474	    0.004471	    0.000001	    0.000001	    0.000000
  3160	    0.003133	    0.004459	    0.004457	    0.000001	    0.000001	    0.000000
  3170	    0.003123	    0.004445	    0.004443	    0.000001	    0.000001	    0.000000
  3180	    0.003113	    0.004431	    0.004429	    0.000001	    0.000001	    0.000000
  3190	    0.003103	    0.004417	    0.004415	    0.000001	    0.000001	    0.000000
  3200	    0.003094	    0.004404	    0.004401	    0.000001	    0.000001	    0.000000
  3210	    0.003084	    0.004390	    0.004388	    0.000001	    0.000001	    0.000000
  3220	    0.003075	    0.004376	    0.004374	    0.000001	    0.000001	    0.000000
  3230	    0.003065	    0.004363	    0.004360	    0.000001	    0.000001	    0.000000
  3240	    0.003056	    0.004349	    0.004347	    0.000001	    0.000001	    0.000000
  3250	    0.003046	    0.004336	    0.004334	    0.000001	    0.000001	    0.000000
  3260	    0.003037	    0.004323	    0.004320	    0.000001	    0.000001	    0.000000
  3270	    0.003028	    0.004309	    0.004307	    0.000001	    0.000001	    0.000000
  3280	    0.003018	    0.004296	    0.004294	    0.000001	    0.000001	    0.000000
  3290	    0.003009	    0.004283	    0.004281	    0.000001	    0.000001	    0.000000
  3300	    0.003000	    0.004270	    0.004268	    0.000001	    0.000001	    0.000000
  3310	    0.002991	    0.004257	    0.004255	    0.000001	    0.000001	    0.000000
  3320	    0.002982	    0.004244	    0.004242	    0.000001	    0.000001	    0.000000
  3330	    0.002973	    0.004232	    0.004230	    0.000001	    0.000001	    0.000000
  3340	    0.002964	    0.004219	    0.004217	    0.000001	    0.000001	    0.000000
  3350	    0.002955	    0.004206	    0.004204	    0.000001	    0.000001	    0.000000
  3360	    0.002946	    0.004194	    0.004192	    0.000001	    0.000001	    0.000000
  3370	    0.002938	    0.004181	    0.004179	    0.000001	    0.000001	    0.000000
  3380	    0.002929	    0.004169	    0.004167	    0.000001	    0.000001	    0.000000
  3390	    0.002920	    0.004157	    0.004155	    0.000001	    0.000001	    0.000000
  3400	    0.002912	    0.004145	    0.004143	    0.000001	    0.000001	    0.000000
  3410	    0.002903	    0.004132	    0.004130	    0.000000	    0.000001	    0.000000
  3420	    0.002895	    0.004120	    0.004118	    0.000000	    0.000001	    0.000000
  3430	    0.002886	    0.004108	    0.004106	    0.000000	    0.000001	    0.000000
  3440	    0.002878	    0.004096	    0.004094	    0.000000	    0.000001	    0.000000
  3450	    0.002870	    0.004084	    0.004082	    0.000000	    0.000001	    0.000000
  3460	    0.002861	    0.004073	    0.004071	    0.000000	    0.000001	    0.000000
  3470	    0.002853	    0.004061	    0.004059	    0.000000	    0.000001	    0.000000
  3480	    0.002845	    0.004049	    0.004047	    0.000000	    0.000001	    0.000000
  3490	    0.002837	    0.004038	    0.004036	    0.000000	    0.000001	    0.000000
  3500	    0.002829	    0.004026	    0.004024	    0.000000	    0.000001	    0.000000
  3510	    0.002821	    0.004015	    0.004013	    0.000000	    0.000001	    0.000000
  3520	    0.002813	    0.004003	    0.004001	    0.000000	    0.000001	    0.000000
  3530	    0.002805	    0.003992	    0.003990	    0.000000	    0.000001	    0.000000
  3540	    0.002797	    0.003981	    0.003979	    0.000000	    0.000001	    0.000000
  3550	    0.002789	    0.003969	    0.003968	    0.000000	    0.000001	    0.000000
  3560	    0.002781	    0.003958	    0.003956	    0.000000	    0.000001	    0.000000
  3570	    0.002773	    0.003947	    0.003945	    0.000000	    0.000001	    0.000000
  3580	    0.002765	    0.003936	    0.003934	    0.000000	    0.000001	    0.000000
  3590	    0.002758	    0.003925	    0.003923	    0.000000	    0.000001	    0.000000
  3600	    0.002750	    0.003914	    0.003912	    0.000000	    0.000001	    0.000000
  3610	    0.002742	    0.003903	    0.003902	    0.000000	    0.000001	    0.000000
  3620	    0.002735	    0.003893	    0.003891	    0.000000	    0.000001	    0.000000
  3630	    0.002727	    0.003882	    0.003880	    0.000000	    0.000001	    0.000000
  3640	    0.002720	    0.003871	    0.003869	    0.000000	    0.000001	    0.000000
  3650	    0.002712	    0.003861	    0.003859	    0.000000	    0.000001	    0.000000
  3660	    0.002705	    0.003850	    0.003848	    0.000000	    0.000001	    0.000000
  3670	    0.002698	    0.003840	    0.003838	    0.000000	    0.000001	    0.000000
  3680	    0.002690	    0.003829	    0.003827	    0.000000	    0.000001	    0.000000
  3690	    0.002683	    0.003819	    0.003817	    0.000000	    0.000001	    0.000000
  3700	    0.002676	    0.003808	    0.003807	    0.000000	    0.000001	    0.000000
  3710	    0.002668	    0.003798	    0.003796	    0.000000	    0.000001	    0.000000
  3720	    0.002661	    0.003788	    0.003786	    0.000000	    0.000001	    0.000000
  3730	    0.002654	    0.003778	    0.003776	    0.000000	    0.000001	    0.000000
  3740	    0.002647	    0.003768	    0.003766	    0.000000	    0.000001	    0.000000
  3750	    0.002640	    0.003758	    0.003756	    0.000000	    0.000001	    0.000000
  3760	    0.002633	    0.003748	    0.003746	    0.000000	    0.000001	    0.000000
  3770	    0.002626	    0.003738	    0.003736	    0.000000	    0.000001	    0.000000
  3780	    0.002619	    0.003728	    0.003726	    0.000000	    0.000001	    0.000000
  3790	    0.002612	    0.003718	    0.003716	    0.000000	    0.000001	    0.000000
  3800	    0.002605	    0.003708	    0.003707	    0.000000	    0.000001	    0.000000
  3810	    0.002598	    0.003698	    0.003697	    0.000000	    0.000001	    0.000000
  3820	    0.002592	    0.003689	    0.003687	    0.000000	    0.000001	    0.000000
  3830	    0.002585	    0.003679	    0.003678	    0.000000	    0.000001	    0.000000
  3840	    0.002578	    0.003670	    0.003668	    0.000000	    0.000001	    0.000000
  3850	    0.002571	    0.003660	    0.003658	    0.000000	    0.000001	    0.000000
  3860	    0.002565	    0.003651	    0.003649	    0.000000	    0.000001	    0.000000
  3870	    0.002558	    0.003641	    0.003640	    0.000000	    0.000001	    0.000000
  3880	    0.002552	    0.003632	    0.003630	    0.000000	    0.000001	    0.000000
  3890	    0.002545	    0.003622	    0.003621	    0.000000	    0.000001	    0.000000
  3900	    0.002538	    0.003613	    0.003612	    0.000000	    0.000001	    0.000000
  3910	    0.002532	    0.003604	    0.003602	    0.000000	    0.000001	    0.000000
  3920	    0.002526	    0.003595	    0.003593	    0.000000	    0.000001	    0.000000
  3930	    0.002519	    0.003585	    0.003584	    0.000000	    0.000001	    0.000000
  3940	    0.002513	    0.003576	    0.003575	    0.000000	    0.000001	    0.000000
  3950	    0.002506	    0.003567	    0.003566	    0.000000	    0.000001	    0.000000
  3960	    0.002500	    0.003558	    0.003557	    0.000000	    0.000001	    0.000000
  3970	    0.002494	    0.003549	    0.003548	    0.000000	    0.000001	    0.000000
  3980	    0.002487	    0.003540	    0.003539	    0.000000	    0.000001	    0.000000
  3990	    0.002481	    0.003532	    0.003530	    0.000000	    0.000001	    0.000000
  4000	    0.002475	    0.003523	    0.003521	    0.000000	    0.000001	    0.000000
  4010	    0.002469	    0.003514	    0.003512	    0.000000	    0.000001	    0.000000
  4020	    0.002463	    0.003505	    0.003504	    0.000000	    0.000001	    0.000000
  4030	    0.002457	    0.003496	    0.003495	    0.000000	    0.000001	    0.000000
  4040	    0.002450	    0.003488	    0.003486	    0.000000	    0.000001	    0.000000
  4050	    0.002444	    0.003479	    0.003478	    0.000000	    0.000001	    0.000000
  4060	    0.002438	    0.003471	    0.003469	    0.000000	    0.000001	    0.000000
  4070	    0.002432	    0.003462	    0.003461	    0.000000	    0.000001	    0.000000
  4080	    0.002426	    0.003454	    0.003452	    0.000000	    0.000001	    0.000000
  4090	    0.002421	    0.003445	    0.003444	    0.000000	    0.000001	    0.000000
  4100	    0.002415	    0.003437	    0.003435	    0.000000	    0.000001	    0.000000
  4110	    0.002409	    0.003428	    0.003427	    0.000000	    0.000001	    0.000000
  4120	    0.002403	    0.003420	    0.003419	    0.000000	    0.000001	    0.000000
  4130	    0.002397	    0.003412	    0.003410	    0.000000	    0.000001	    0.000000
  4140	    0.002391	    0.003404	    0.003402	    0.000000	    0.000001	    0.000000
  4150	    0.002386	    0.003395	    0.003394	    0.000000	    0.000001	    0.000000
  4160	    0.002380	    0.003387	    0.003386	    0.000000	    0.000001	    0.000000
  4170	    0.002374	    0.003379	    0.003378	    0.000000	    0.000001	    0.000000
  4180	    0.002368	    0.003371	    0.003370	    0.000000	    0.000001	    0.000000
  4190	    0.002363	    0.003363	    0.003362	    0.000000	    0.000001	    0.000000
  4200	    0.002357	    0.003355	    0.003354	    0.000000	    0.000001	    0.000000
  4210	    0.002352	    0.003347	    0.003346	    0.000000	    0.000001	    0.000000
  4220	    0.002346	    0.003339	    0.003338	    0.000000	    0.000001	    0.000000
  4230	    0.002340	    0.003331	    0.003330	    0.000000	    0.000001	    0.000000
  4240	    0.002335	    0.003323	    0.003322	    0.000000	    0.000001	    0.000000
  4250	    0.002329	    0.003315	    0.003314	    0.000000	    0.000001	    0.000000
  4260	    0.002324	    0.003308	    0.003306	    0.000000	    0.000001	    0.000000
  4270	    0.002319	    0.003300	    0.003299	    0.000000	    0.000001	    0.000000
  4280	    0.002313	    0.003292	    0.003291	    0.000000	    0.000001	    0.000000
  4290	    0.002308	    0.003285	    0.003283	    0.000000	    0.000001	    0.000000
  4300	    0.002302	    0.003277	    0.003276	    0.000000	    0.000001	    0.000000
  4310	    0.002297	    0.003269	    0.003268	    0.000000	    0.000001	    0.000000
  4320	    0.002292	    0.003262	    0.003260	    0.000000	    0.000001	    0.000000
  4330	    0.002286	    0.003254	    0.003253	    0.000000	    0.000001	    0.000000
  4340	    0.002281	    0.003247	    0.003245	    0.000000	    0.000001	    0.000000
  4350	    0.002276	    0.003239	    0.003238	    0.000000	    0.000001	    0.000000
  4360	    0.002271	    0.003232	    0.003231	    0.000000	    0.000001	    0.000000
  4370	    0.002265	    0.003224	    0.003223	    0.000000	    0.000001	    0.000000
  4380	    0.002260	    0.003217	    0.003216	    0.000000	    0.000001	    0.000000
  4390	    0.002255	    0.003210	    0.003208	    0.000000	    0.000001	    0.000000
  4400	    0.002250	    0.003202	    0.003201	    0.000000	    0.000001	    0.000000
  4410	    0.002245	    0.003195	    0.003194	    0.000000	    0.000001	    0.000000
  4420	    0.002240	    0.003188	    0.003187	    0.000000	    0.000001	    0.000000
  4430	    0.002235	    0.003181	    0.003180	    0.000000	    0.000001	    0.000000
  4440	    0.002230	    0.003174	    0.003172	    0.000000	    0.000001	    0.000000
  4450	    0.002225	    0.003166	    0.003165	    0.000000	    0.000001	    0.000000
  4460	    0.002220	    0.003159	    0.003158	    0.000000	    0.000001	    0.000000
  4470	    0.002215	    0.003152	    0.003151	    0.000000	    0.000001	    0.000000
  4480	    0.002210	    0.003145	    0.003144	    0.000000	    0.000001	    0.000000
  4490	    0.002205	    0.003138	    0.003137	    0.000000	    0.000001	    0.000000
  4500	    0.002200	    0.003131	    0.003130	    0.000000	    0.000001	    0.000000
  4510	    0.002195	    0.003124	    0.003123	    0.000000	    0.000001	    0.000000
  4520	    0.002190	    0.003117	    0.003116	    0.000000	    0.000001	    0.000000
  4530	    0.002185	    0.003110	    0.003109	    0.000000	    0.000001	    0.000000
  4540	    0.002181	    0.003104	    0.003103	    0.000000	    0.000001	    0.000000
  4550	    0.002176	    0.003097	    0.003096	    0.000000	    0.000001	    0.000000
  4560	    0.002171	    0.003090	    0.003089	    0.000000	    0.000001	    0.000000
  4570	    0.002166	    0.003083	    0.003082	    0.000000	    0.000001	    0.000000
  4580	    0.002162	    0.003077	    0.003075	    0.000000	    0.000001	    0.000000
  4590	    0.002157	    0.003070	    0.003069	    0.000000	    0.000001	    0.000000
  4600	    0.002152	    0.003063	    0.003062	    0.000000	    0.000001	    0.000000
  4610	    0.002148	    0.003057	    0.003055	    0.000000	    0.000001	    0.000000
  4620	    0.002143	    0.003050	    0.003049	    0.000000	    0.000001	    0.000000
  4630	    0.002138	    0.003043	    0.003042	    0.000000	    0.000001	    0.000000
  4640	    0.002134	    0.003037	    0.003036	    0.000000	    0.000001	    0.000000
  4650	    0.002129	    0.003030	    0.003029	    0.000000	    0.000001	    0.000000
  4660	    0.002124	    0.003024	    0.003023	    0.000000	    0.000001	    0.000000
  4670	    0.002120	    0.003017	    0.003016	    0.000000	    0.000001	    0.000000
  4680	    0.002115	    0.003011	    0.003010	    0.000000	    0.000001	    0.000000
  4690	    0.002111	    0.003004	    0.003003	    0.000000	    0.000001	    0.000000
  4700	    0.002106	    0.002998	    0.002997	    0.000000	    0.000001	    0.000000
  4710	    0.002102	    0.002992	    0.002991	    0.000000	    0.000001	    0.000000
  4720	    0.002097	    0.002985	    0.002984	    0.000000	    0.000001	    0.000000
  4730	    0.002093	    0.002979	    0.002978	    0.000000	    0.000001	    0.000000
  4740	    0.002089	    0.002973	    0.002972	    0.000000	    0.000001	    0.000000
  4750	    0.002084	    0.002966	    0.002965	    0.000000	    0.000001	    0.000000
  4760	    0.002080	    0.002960	    0.002959	    0.000000	    0.000001	    0.000000
  4770	    0.002075	    0.002954	    0.002953	    0.000000	    0.000001	    0.000000
  4780	    0.002071	    0.002948	    0.002947	    0.000000	    0.000001	    0.000000
  4790	    0.002067	    0.002942	    0.002941	    0.000000	    0.000001	    0.000000
  4800	    0.002063	    0.002935	    0.002934	    0.000000	    0.000001	    0.000000
  4810	    0.002058	    0.002929	    0.002928	    0.000000	    0.000001	    0.000000
  4820	    0.002054	    0.002923	    0.002922	    0.000000	    0.000001	    0.000000
  4830	    0.002050	    0.002917	    0.002916	    0.000000	    0.000000	    0.000000
  4840	    0.002045	    0.002911	    0.002910	    0.000000	    0.000000	    0.000000
  4850	    0.002041	    0.002905	    0.002904	    0.000000	    0.000000	    0.000000
  4860	    0.002037	    0.002899	    0.002898	    0.000000	    0.000000	    0.000000
  4870	    0.002033	    0.002893	    0.002892	    0.000000	    0.000000	    0.000000
  4880	    0.002029	    0.002887	    0.002886	    0.000000	    0.000000	    0.000000
  4890	    0.002025	    0.002881	    0.002880	    0.000000	    0.000000	    0.000000
  4900	    0.002020	    0.002876	    0.002875	    0.000000	    0.000000	    0.000000
  4910	    0.002016	    0.002870	    0.002869	    0.000000	    0.000000	    0.000000
  4920	    0.002012	    0.002864	    0.002863	    0.000000	    0.000000	    0.000000
  4930	    0.002008	    0.002858	    0.002857	    0.000000	    0.000000	    0.000000
  4940	    0.002004	    0.002852	    0.002851	    0.000000	    0.000000	    0.000000
  4950	    0.002000	    0.002847	    0.002846	    0.000000	    0.000000	    0.000000
  4960	    0.001996	    0.002841	    0.002840	    0.000000	    0.000000	    0.000000
  4970	    0.001992	    0.002835	    0.002834	    0.000000	    0.000000	    0.000000
  4980	    0.001988	    0.002829	    0.002828	    0.000000	    0.000000	    0.000000
  4990	    0.001984	    0.002824	    0.002823	    0.000000	    0.000000	    0.000000
  5000	    0.001980	    0.002818	    0.002817	    0.000000	    0.000000	    0.000000
  5010	    0.001976	    0.002812	    0.002812	    0.000000	    0.000000	    0.000000
  5020	    0.001972	    0.002807	    0.002806	    0.000000	    0.000000	    0.000000
  5030	    0.001968	    0.002801	    0.002800	    0.000000	    0.000000	    0.000000
  5040	    0.001964	    0.002796	    0.002795	    0.000000	    0.000000	    0.000000
  5050	    0.001960	    0.002790	    0.002789	    0.000000	    0.000000	    0.000000
  5060	    0.001957	    0.002785	    0.002784	    0.000000	    0.000000	    0.000000
  5070	    0.001953	    0.002779	    0.002778	    0.000000	    0.000000	    0.000000
  5080	    0.001949	    0.002774	    0.002773	    0.000000	    0.000000	    0.000000
  5090	    0.001945	    0.002768	    0.002767	    0.000000	    0.000000	    0.000000
  5100	    0.001941	    0.002763	    0.002762	    0.000000	    0.000000	    0.000000
  5110	    0.001937	    0.002757	    0.002756	    0.000000	    0.000000	    0.000000
  5120	    0.001934	    0.002752	    0.002751	    0.000000	    0.000000	    0.000000
  5130	    0.001930	    0.002747	    0.002746	    0.000000	    0.000000	    0.000000
  5140	    0.001926	    0.002741	    0.002740	    0.000000	    0.000000	    0.000000
  5150	    0.001922	    0.002736	    0.002735	    0.000000	    0.000000	    0.000000
  5160	    0.001919	    0.002731	    0.002730	    0.000000	    0.000000	    0.000000
  5170	    0.001915	    0.002725	    0.002725	    0.000000	    0.000000	    0.000000
  5180	    0.001911	    0.002720	    0.002719	    0.000000	    0.000000	    0.000000
  5190	    0.001908	    0.002715	    0.002714	    0.000000	    0.000000	    0.000000
  5200	    0.001904	    0.002710	    0.002709	    0.000000	    0.000000	    0.000000
  5210	    0.001900	    0.002704	    0.002704	    0.000000	    0.000000	    0.000000
  5220	    0.001897	    0.002699	    0.002698	    0.000000	    0.000000	    0.000000
  5230	    0.001893	    0.002694	    0.002693	    0.000000	    0.000000	    0.000000
  5240	    0.001889	    0.002689	    0.002688	    0.000000	    0.000000	    0.000000
  5250	    0.001886	    0.002684	    0.002683	    0.000000	    0.000000	    0.000000
  5260	    0.001882	    0.002679	    0.002678	    0.000000	    0.000000	    0.000000
  5270	    0.001879	    0.002674	    0.002673	    0.000000	    0.000000	    0.000000
  5280	    0.001875	    0.002669	    0.002668	    0.000000	    0.000000	    0.000000
  5290	    0.001871	    0.002664	    0.002663	    0.000000	    0.000000	    0.000000
  5300	    0.001868	    0.002659	    0.002658	    0.000000	    0.000000	    0.000000
  5310	    0.001864	    0.002654	    0.002653	    0.000000	    0.000000	    0.000000
  5320	    0.001861	    0.002649	    0.002648	    0.000000	    0.000000	    0.000000
  5330	    0.001857	    0.002644	    0.002643	    0.000000	    0.000000	    0.000000
  5340	    0.001854	    0.002639	    0.002638	    0.000000	    0.000000	    0.000000
  5350	    0.001850	    0.002634	    0.002633	    0.000000	    0.000000	    0.000000
  5360	    0.001847	    0.002629	    0.002628	    0.000000	    0.000000	    0.000000
  5370	    0.001844	    0.002624	    0.002623	    0.000000	    0.000000	    0.000000
  5380	    0.001840	    0.002619	    0.002618	    0.000000	    0.000000	    0.000000
  5390	    0.001837	    0.002614	    0.002613	    0.000000	    0.000000	    0.000000
  5400	    0.001833	    0.002609	    0.002608	    0.000000	    0.000000	    0.000000
  5410	    0.001830	    0.002604	    0.002604	    0.000000	    0.000000	    0.000000
  5420	    0.001827	    0.002600	    0.002599	    0.000000	    0.000000	    0.000000
  5430	    0.001823	    0.002595	    0.002594	    0.000000	    0.000000	    0.000000
  5440	    0.001820	    0.002590	    0.002589	    0.000000	    0.000000	    0.000000
  5450	    0.001817	    0.002585	    0.002585	    0.000000	    0.000000	    0.000000
  5460	    0.001813	    0.002581	    0.002580	    0.000000	    0.000000	    0.000000
  5470	    0.001810	    0.002576	    0.002575	    0.000000	    0.000000	    0.000000
  5480	    0.001807	    0.002571	    0.002570	    0.000000	    0.000000	    0.000000
  5490	    0.001803	    0.002566	    0.002566	    0.000000	    0.000000	    0.000000
  5500	    0.001800	    0.002562	    0.002561	    0.000000	    0.000000	    0.000000
  5510	    0.001797	    0.002557	    0.002556	    0.000000	    0.000000	    0.000000
  5520	    0.001793	    0.002553	    0.002552	    0.000000	    0.000000	    0.000000
  5530	    0.001790	    0.002548	    0.002547	    0.000000	    0.000000	    0.000000
  5540	    0.001787	    0.002543	    0.002543	    0.000000	    0.000000	    0.000000
  5550	    0.001784	    0.002539	    0.002538	    0.000000	    0.000000	    0.000000
  5560	    0.001781	    0.002534	    0.002533	    0.000000	    0.000000	    0.000000
  5570	    0.001777	    0.002530	    0.002529	    0.000000	    0.000000	    0.000000
  5580	    0.001774	    0.002525	    0.002524	    0.000000	    0.000000	    0.000000
  5590	    0.001771	    0.002521	    0.002520	    0.000000	    0.000000	    0.000000
  5600	    0.001768	    0.002516	    0.002515	    0.000000	    0.000000	    0.000000
  5610	    0.001765	    0.002512	    0.002511	    0.000000	    0.000000	    0.000000
  5620	    0.001762	    0.002507	    0.002506	    0.000000	    0.000000	    0.000000
  5630	    0.001758	    0.002503	    0.002502	    0.000000	    0.000000	    0.000000
  5640	    0.001755	    0.002498	    0.002497	    0.000000	    0.000000	    0.000000
  5650	    0.001752	    0.002494	    0.002493	    0.000000	    0.000000	    0.000000
  5660	    0.001749	    0.002489	    0.002489	    0.000000	    0.000000	    0.000000
  5670	    0.001746	    0.002485	    0.002484	    0.000000	    0.000000	    0.000000
  5680	    0.001743	    0.002481	    0.002480	    0.000000	    0.000000	    0.000000
  5690	    0.001740	    0.002476	    0.002476	    0.000000	    0.000000	    0.000000
  5700	    0.001737	    0.002472	    0.002471	    0.000000	    0.000000	    0.000000
  5710	    0.001734	    0.002468	    0.002467	    0.000000	    0.000000	    0.000000
  5720	    0.001731	    0.002463	    0.002463	    0.000000	    0.000000	    0.000000
  5730	    0.001728	    0.002459	    0.002458	    0.000000	    0.000000	    0.000000
  5740	    0.001725	    0.002455	    0.002454	    0.000000	    0.000000	    0.000000
  5750	    0.001722	    0.002450	    0.002450	    0.000000	    0.000000	    0.000000
  5760	    0.001719	    0.002446	    0.002445	    0.000000	    0.000000	    0.000000
  5770	    0.001716	    0.002442	    0.002441	    0.000000	    0.000000	    0.000000
  5780	    0.001713	    0.002438	    0.002437	    0.000000	    0.000000	    0.000000
  5790	    0.001710	    0.002433	    0.002433	    0.000000	    0.000000	    0.000000
  5800	    0.001707	    0.002429	    0.002429	    0.000000	    0.000000	    0.000000
  5810	    0.001704	    0.002425	    0.002424	    0.000000	    0.000000	    0.000000
  5820	    0.001701	    0.002421	    0.002420	    0.000000	    0.000000	    0.000000
  5830	    0.001698	    0.002417	    0.002416	    0.000000	    0.000000	    0.000000
  5840	    0.001695	    0.002413	    0.002412	    0.000000	    0.000000	    0.000000
  5850	    0.001692	    0.002409	    0.002408	    0.000000	    0.000000	    0.000000
  5860	    0.001689	    0.002404	    0.002404	    0.000000	    0.000000	    0.000000
  5870	    0.001687	    0.002400	    0.002400	    0.000000	    0.000000	    0.000000
  5880	    0.001684	    0.002396	    0.002396	    0.000000	    0.000000	    0.000000
  5890	    0.001681	    0.002392	    0.002392	    0.000000	    0.000000	    0.000000
  5900	    0.001678	    0.002388	    0.002387	    0.000000	    0.000000	    0.000000
  5910	    0.001675	    0.002384	    0.002383	    0.000000	    0.000000	    0.000000
  5920	    0.001672	    0.002380	    0.002379	    0.000000	    0.000000	    0.000000
  5930	    0.001669	    0.002376	    0.002375	    0.000000	    0.000000	    0.000000
  5940	    0.001667	    0.002372	    0.002371	    0.000000	    0.000000	    0.000000
  5950	    0.001664	    0.002368	    0.002367	    0.000000	    0.000000	    0.000000
  5960	    0.001661	    0.002364	    0.002363	    0.000000	    0.000000	    0.000000
  5970	    0.001658	    0.002360	    0.002359	    0.000000	    0.000000	    0.000000
  5980	    0.001656	    0.002356	    0.002356	    0.000000	    0.000000	    0.000000
  5990	    0.001653	    0.002352	    0.002352	    0.000000	    0.000000	    0.000000
  6000	    0.001650	    0.002348	    0.002348	    0.000000	    0.000000	    0.000000
  6010	    0.001647	    0.002344	    0.002344	    0.000000	    0.000000	    0.000000
  6020	    0.001645	    0.002341	    0.002340	    0.000000	    0.000000	    0.000000
  6030	    0.001642	    0.002337	    0.002336	    0.000000	    0.000000	    0.000000
  6040	    0.001639	    0.002333	    0.002332	    0.000000	    0.000000	    0.000000
  6050	    0.001636	    0.002329	    0.002328	    0.000000	    0.000000	    0.000000
  6060	    0.001634	    0.002325	    0.002324	    0.000000	    0.000000	    0.000000
  6070	    0.001631	    0.002321	    0.002321	    0.000000	    0.000000	    0.000000
  6080	    0.001628	    0.002317	    0.002317	    0.000000	    0.000000	    0.000000
  6090	    0.001626	    0.002314	    0.002313	    0.000000	    0.000000	    0.000000
  6100	    0.001623	    0.002310	    0.002309	    0.000000	    0.000000	    0.000000
  6110	    0.001620	    0.002306	    0.002305	    0.000000	    0.000000	    0.000000
  6120	    0.001618	    0.002302	    0.002302	    0.000000	    0.000000	    0.000000
  6130	    0.001615	    0.002299	    0.002298	    0.000000	    0.000000	    0.000000
  6140	    0.001612	    0.002295	    0.002294	    0.000000	    0.000000	    0.000000
  6150	    0.001610	    0.002291	    0.002290	    0.000000	    0.000000	    0.000000
  6160	    0.001607	    0.002287	    0.002287	    0.000000	    0.000000	    0.000000
  6170	    0.001605	    0.002284	    0.002283	    0.000000	    0.000000	    0.000000
  6180	    0.001602	    0.002280	    0.002279	    0.000000	    0.000000	    0.000000
  6190	    0.001599	    0.002276	    0.002276	    0.000000	    0.000000	    0.000000
  6200	    0.001597	    0.002273	    0.002272	    0.000000	    0.000000	    0.000000
  6210	    0.001594	    0.002269	    0.002268	    0.000000	    0.000000	    0.000000
  6220	    0.001592	    0.002265	    0.002265	    0.000000	    0.000000	    0.000000
  6230	    0.001589	    0.002262	    0.002261	    0.000000	    0.000000	    0.000000
  6240	    0.001587	    0.002258	    0.002257	    0.000000	    0.000000	    0.000000
  6250	    0.001584	    0.002254	    0.002254	    0.000000	    0.000000	    0.000000
  6260	    0.001581	    0.002251	    0.002250	    0.000000	    0.000000	    0.000000
  6270	    0.001579	    0.002247	    0.002247	    0.000000	    0.000000	    0.000000
  6280	    0.001576	    0.002244	    0.002243	    0.000000	    0.000000	    0.000000
  6290	    0.001574	    0.002240	    0.002239	    0.000000	    0.000000	    0.000000
  6300	    0.001571	    0.002236	    0.002236	    0.000000	    0.000000	    0.000000
  6310	    0.001569	    0.002233	    0.002232	    0.000000	    0.000000	    0.000000
  6320	    0.001566	    0.002229	    0.002229	    0.000000	    0.000000	    0.000000
  6330	    0.001564	    0.002226	    0.002225	    0.000000	    0.000000	    0.000000
  6340	    0.001562	    0.002222	    0.002222	    0.000000	    0.000000	    0.000000
  6350	    0.001559	    0.002219	    0.002218	    0.000000	    0.000000	    0.000000
  6360	    0.001557	    0.002215	    0.002215	    0.000000	    0.000000	    0.000000
  6370	    0.001554	    0.002212	    0.002211	    0.000000	    0.000000	    0.000000
  6380	    0.001552	    0.002208	    0.002208	    0.000000	    0.000000	    0.000000
  6390	    0.001549	    0.002205	    0.002204	    0.000000	    0.000000	    0.000000
  6400	    0.001547	    0.002202	    0.002201	    0.000000	    0.000000	    0.000000
  6410	    0.001544	    0.002198	    0.002198	    0.000000	    0.000000	    0.000000
  6420	    0.001542	    0.002195	    0.002194	    0.000000	    0.000000	    0.000000
  6430	    0.001540	    0.002191	    0.002191	    0.000000	    0.000000	    0.000000
  6440	    0.001537	    0.002188	    0.002187	    0.000000	    0.000000	    0.000000
  6450	    0.001535	    0.002184	    0.002184	    0.000000	    0.000000	    0.000000
  6460	    0.001533	    0.002181	    0.002181	    0.000000	    0.000000	    0.000000
  6470	    0.001530	    0.002178	    0.002177	    0.000000	    0.000000	    0.000000
  6480	    0.001528	    0.002174	    0.002174	    0.000000	    0.000000	    0.000000
  6490	    0.001525	    0.002171	    0.002170	    0.000000	    0.000000	    0.000000
  6500	    0.001523	    0.002168	    0.002167	    0.000000	    0.000000	    0.000000
  6510	    0.001521	    0.002164	    0.002164	    0.000000	    0.000000	    0.000000
  6520	    0.001518	    0.002161	    0.002160	    0.000000	    0.000000	    0.000000
  6530	    0.001516	    0.002158	    0.002157	    0.000000	    0.000000	    0.000000
  6540	    0.001514	    0.002154	    0.002154	    0.000000	    0.000000	    0.000000
  6550	    0.001511	    0.002151	    0.002151	    0.000000	    0.000000	    0.000000
  6560	    0.001509	    0.002148	    0.002147	    0.000000	    0.000000	    0.000000
  6570	    0.001507	    0.002145	    0.002144	    0.000000	    0.000000	    0.000000
  6580	    0.001505	    0.002141	    0.002141	    0.000000	    0.000000	    0.000000
  6590	    0.001502	    0.002138	    0.002138	    0.000000	    0.000000	    0.000000
  6600	    0.001500	    0.002135	    0.002134	    0.000000	    0.000000	    0.000000
  6610	    0.001498	    0.002132	    0.002131	    0.000000	    0.000000	    0.000000
  6620	    0.001495	    0.002128	    0.002128	    0.000000	    0.000000	    0.000000
  6630	    0.001493	    0.002125	    0.002125	    0.000000	    0.000000	    0.000000
  6640	    0.001491	    0.002122	    0.002121	    0.000000	    0.000000	    0.000000
  6650	    0.001489	    0.002119	    0.002118	    0.000000	    0.000000	    0.000000
  6660	    0.001486	    0.002116	    0.002115	    0.000000	    0.000000	    0.000000
  6670	    0.001484	    0.002112	    0.002112	    0.000000	    0.000000	    0.000000
  6680	    0.001482	    0.002109	    0.002109	    0.000000	    0.000000	    0.000000
  6690	    0.001480	    0.002106	    0.002106	    0.000000	    0.000000	    0.000000
  6700	    0.001478	    0.002103	    0.002102	    0.000000	    0.000000	    0.000000
  6710	    0.001475	    0.002100	    0.002099	    0.000000	    0.000000	    0.000000
  6720	    0.001473	    0.002097	    0.002096	    0.000000	    0.000000	    0.000000
  6730	    0.001471	    0.002094	    0.002093	    0.000000	    0.000000	    0.000000
  6740	    0.001469	    0.002090	    0.002090	    0.000000	    0.000000	    0.000000
  6750	    0.001467	    0.002087	    0.002087	    0.000000	    0.000000	    0.000000
  6760	    0.001464	    0.002084	    0.002084	    0.000000	    0.000000	    0.000000
  6770	    0.001462	    0.002081	    0.002081	    0.000000	    0.000000	    0.000000
  6780	    0.001460	    0.002078	    0.002078	    0.000000	    0.000000	    0.000000
  6790	    0.001458	    0.002075	    0.002075	    0.000000	    0.000000	    0.000000
  6800	    0.001456	    0.002072	    0.002072	    0.000000	    0.000000	    0.000000
  6810	    0.001454	    0.002069	    0.002068	    0.000000	    0.000000	    0.000000
  6820	    0.001452	    0.002066	    0.002065	    0.000000	    0.000000	    0.000000
  6830	    0.001449	    0.002063	    0.002062	    0.000000	    0.000000	    0.000000
  6840	    0.001447	    0.002060	    0.002059	    0.000000	    0.000000	    0.000000
  6850	    0.001445	    0.002057	    0.002056	    0.000000	    0.000000	    0.000000
  6860	    0.001443	    0.002054	    0.002053	    0.000000	    0.000000	    0.000000
  6870	    0.001441	    0.002051	    0.002050	    0.000000	    0.000000	    0.000000
  6880	    0.001439	    0.002048	    0.002047	    0.000000	    0.000000	    0.000000
  6890	    0.001437	    0.002045	    0.002044	    0.000000	    0.000000	    0.000000
  6900	    0.001435	    0.002042	    0.002041	    0.000000	    0.000000	    0.000000
  6910	    0.001433	    0.002039	    0.002039	    0.000000	    0.000000	    0.000000
  6920	    0.001431	    0.002036	    0.002036	    0.000000	    0.000000	    0.000000
  6930	    0.001429	    0.002033	    0.002033	    0.000000	    0.000000	    0.000000
  6940	    0.001427	    0.002030	    0.002030	    0.000000	    0.000000	    0.000000
  6950	    0.001424	    0.002027	    0.002027	    0.000000	    0.000000	    0.000000
  6960	    0.001422	    0.002024	    0.002024	    0.000000	    0.000000	    0.000000
  6970	    0.001420	    0.002021	    0.002021	    0.000000	    0.000000	    0.000000
  6980	    0.001418	    0.002019	    0.002018	    0.000000	    0.000000	    0.000000
  6990	    0.001416	    0.002016	    0.002015	    0.000000	    0.000000	    0.000000
  7000	    0.001414	    0.002013	    0.002012	    0.000000	    0.000000	    0.000000
  7010	    0.001412	    0.002010	    0.002009	    0.000000	    0.000000	    0.000000
  7020	    0.001410	    0.002007	    0.002007	    0.000000	    0.000000	    0.000000
  7030	    0.001408	    0.002004	    0.002004	    0.000000	    0.000000	    0.000000
  7040	    0.001406	    0.002001	    0.002001	    0.000000	    0.000000	    0.000000
  7050	    0.001404	    0.001999	    0.001998	    0.000000	    0.000000	    0.000000
  7060	    0.001402	    0.001996	    0.001995	    0.000000	    0.000000	    0.000000
  7070	    0.001400	    0.001993	    0.001992	    0.000000	    0.000000	    0.000000
  7080	    0.001398	    0.001990	    0.001990	    0.000000	    0.000000	    0.000000
  7090	    0.001396	    0.001987	    0.001987	    0.000000	    0.000000	    0.000000
  7100	    0.001394	    0.001984	    0.001984	    0.000000	    0.000000	    0.000000
  7110	    0.001392	    0.001982	    0.001981	    0.000000	    0.000000	    0.000000
  7120	    0.001390	    0.001979	    0.001978	    0.000000	    0.000000	    0.000000
  7130	    0.001388	    0.001976	    0.001976	    0.000000	    0.000000	    0.000000
  7140	    0.001387	    0.001973	    0.001973	    0.000000	    0.000000	    0.000000
  7150	    0.001385	    0.001971	    0.001970	    0.000000	    0.000000	    0.000000
  7160	    0.001383	    0.001968	    0.001967	    0.000000	    0.000000	    0.000000
  7170	    0.001381	    0.001965	    0.001965	    0.000000	    0.000000	    0.000000
  7180	    0.001379	    0.001962	    0.001962	    0.000000	    0.000000	    0.000000
  7190	    0.001377	    0.001960	    0.001959	    0.000000	    0.000000	    0.000000
  7200	    0.001375	    0.001957	    0.001956	    0.000000	    0.000000	    0.000000
  7210	    0.001373	    0.001954	    0.001954	    0.000000	    0.000000	    0.000000
  7220	    0.001371	    0.001951	    0.001951	    0.000000	    0.000000	    0.000000
  7230	    0.001369	    0.001949	    0.001948	    0.000000	    0.000000	    0.000000
  7240	    0.001367	    0.001946	    0.001946	    0.000000	    0.000000	    0.000000
  7250	    0.001366	    0.001943	    0.001943	    0.000000	    0.000000	    0.000000
  7260	    0.001364	    0.001941	    0.001940	    0.000000	    0.000000	    0.000000
  7270	    0.001362	    0.001938	    0.001938	    0.000000	    0.000000	    0.000000
  7280	    0.001360	    0.001935	    0.001935	    0.000000	    0.000000	    0.000000
  7290	    0.001358	    0.001933	    0.001932	    0.000000	    0.000000	    0.000000
  7300	    0.001356	    0.001930	    0.001930	    0.000000	    0.000000	    0.000000
  7310	    0.001354	    0.001927	    0.001927	    0.000000	    0.000000	    0.000000
  7320	    0.001352	    0.001925	    0.001924	    0.000000	    0.000000	    0.000000
  7330	    0.001351	    0.001922	    0.001922	    0.000000	    0.000000	    0.000000
  7340	    0.001349	    0.001920	    0.001919	    0.000000	    0.000000	    0.000000
  7350	    0.001347	    0.001917	    0.001917	    0.000000	    0.000000	    0.000000
  7360	    0.001345	    0.001914	    0.001914	    0.000000	    0.000000	    0.000000
  7370	    0.001343	    0.001912	    0.001911	    0.000000	    0.000000	    0.000000
  7380	    0.001341	    0.001909	    0.001909	    0.000000	    0.000000	    0.000000
  7390	    0.001340	    0.001907	    0.001906	    0.000000	    0.000000	    0.000000
  7400	    0.001338	    0.001904	    0.001904	    0.000000	    0.000000	    0.000000
  7410	    0.001336	    0.001901	    0.001901	    0.000000	    0.000000	    0.000000
  7420	    0.001334	    0.001899	    0.001898	    0.000000	    0.000000	    0.000000
  7430	    0.001332	    0.001896	    0.001896	    0.000000	    0.000000	    0.000000
  7440	    0.001331	    0.001894	    0.001893	    0.000000	    0.000000	    0.000000
  7450	    0.001329	    0.001891	    0.001891	    0.000000	    0.000000	    0.000000
  7460	    0.001327	    0.001889	    0.001888	    0.000000	    0.000000	    0.000000
  7470	    0.001325	    0.001886	    0.001886	    0.000000	    0.000000	    0.000000
  7480	    0.001324	    0.001884	    0.001883	    0.000000	    0.000000	    0.000000
  7490	    0.001322	    0.001881	    0.001881	    0.000000	    0.000000	    0.000000
  7500	    0.001320	    0.001879	    0.001878	    0.000000	    0.000000	    0.000000
  7510	    0.001318	    0.001876	    0.001876	    0.000000	    0.000000	    0.000000
  7520	    0.001316	    0.001874	    0.001873	    0.000000	    0.000000	    0.000000
  7530	    0.001315	    0.001871	    0.001871	    0.000000	    0.000000	    0.000000
  7540	    0.001313	    0.001869	    0.001868	    0.000000	    0.000000	    0.000000
  7550	    0.001311	    0.001866	    0.001866	    0.000000	    0.000000	    0.000000
  7560	    0.001310	    0.001864	    0.001863	    0.000000	    0.000000	    0.000000
  7570	    0.001308	    0.001861	    0.001861	    0.000000	    0.000000	    0.000000
  7580	    0.001306	    0.001859	    0.001858	    0.000000	    0.000000	    0.000000
  7590	    0.001304	    0.001856	    0.001856	    0.000000	    0.000000	    0.000000
  7600	    0.001303	    0.001854	    0.001853	    0.000000	    0.000000	    0.000000
  7610	    0.001301	    0.001851	    0.001851	    0.000000	    0.000000	    0.000000
  7620	    0.001299	    0.001849	    0.001849	    0.000000	    0.000000	    0.000000
  7630	    0.001298	    0.001847	    0.001846	    0.000000	    0.000000	    0.000000
  7640	    0.001296	    0.001844	    0.001844	    0.000000	    0.000000	    0.000000
  7650	    0.001294	    0.001842	    0.001841	    0.000000	    0.000000	    0.000000
  7660	    0.001292	    0.001839	    0.001839	    0.000000	    0.000000	    0.000000
  7670	    0.001291	    0.001837	    0.001837	    0.000000	    0.000000	    0.000000
  7680	    0.001289	    0.001835	    0.001834	    0.000000	    0.000000	    0.000000
  7690	    0.001287	    0.001832	    0.001832	    0.000000	    0.000000	    0.000000
  7700	    0.001286	    0.001830	    0.001829	    0.000000	    0.000000	    0.000000
  7710	    0.001284	    0.001827	    0.001827	    0.000000	    0.000000	    0.000000
  7720	    0.001282	    0.001825	    0.001825	    0.000000	    0.000000	    0.000000
  7730	    0.001281	    0.001823	    0.001822	    0.000000	    0.000000	    0.000000
  7740	    0.001279	    0.001820	    0.001820	    0.000000	    0.000000	    0.000000
  7750	    0.001277	    0.001818	    0.001818	    0.000000	    0.000000	    0.000000
  7760	    0.001276	    0.001816	    0.001815	    0.000000	    0.000000	    0.000000
  7770	    0.001274	    0.001813	    0.001813	    0.000000	    0.000000	    0.000000
  7780	    0.001272	    0.001811	    0.001811	    0.000000	    0.000000	    0.000000
  7790	    0.001271	    0.001809	    0.001808	    0.000000	    0.000000	    0.000000
  7800	    0.001269	    0.001806	    0.001806	    0.000000	    0.000000	    0.000000
  7810	    0.001268	    0.001804	    0.001804	    0.000000	    0.000000	    0.000000
  7820	    0.001266	    0.001802	    0.001801	    0.000000	    0.000000	    0.000000
  7830	    0.001264	    0.001799	    0.001799	    0.000000	    0.000000	    0.000000
  7840	    0.001263	    0.001797	    0.001797	    0.000000	    0.000000	    0.000000
  7850	    0.001261	    0.001795	    0.001794	    0.000000	    0.000000	    0.000000
  7860	    0.001260	    0.001793	    0.001792	    0.000000	    0.000000	    0.000000
  7870	    0.001258	    0.001790	    0.001790	    0.000000	    0.000000	    0.000000
  7880	    0.001256	    0.001788	    0.001788	    0.000000	    0.000000	    0.000000
  7890	    0.001255	    0.001786	    0.001785	    0.000000	    0.000000	    0.000000
  7900	    0.001253	    0.001783	    0.001783	    0.000000	    0.000000	    0.000000
  7910	    0.001252	    0.001781	    0.001781	    0.000000	    0.000000	    0.000000
  7920	    0.001250	    0.001779	    0.001779	    0.000000	    0.000000	    0.000000
  7930	    0.001248	    0.001777	    0.001776	    0.000000	    0.000000	    0.000000
  7940	    0.001247	    0.001774	    0.001774	    0.000000	    0.000000	    0.000000
  7950	    0.001245	    0.001772	    0.001772	    0.000000	    0.000000	    0.000000
  7960	    0.001244	    0.001770	    0.001770	    0.000000	    0.000000	    0.000000
  7970	    0.001242	    0.001768	    0.001767	    0.000000	    0.000000	    0.000000
  7980	    0.001241	    0.001766	    0.001765	    0.000000	    0.000000	    0.000000
  7990	    0.001239	    0.001763	    0.001763	    0.000000	    0.000000	    0.000000
  8000	    0.001238	    0.001761	    0.001761	    0.000000	    0.000000	    0.000000
  8010	    0.001236	    0.001759	    0.001759	    0.000000	    0.000000	    0.000000
  8020	    0.001234	    0.001757	    0.001756	    0.000000	    0.000000	    0.000000
  8030	    0.001233	    0.001755	    0.001754	    0.000000	    0.000000	    0.000000
  8040	    0.001231	    0.001752	    0.001752	    0.000000	    0.000000	    0.000000
  8050	    0.001230	    0.001750	    0.001750	    0.000000	    0.000000	    0.000000
  8060	    0.001228	    0.001748	    0.001748	    0.000000	    0.000000	    0.000000
  8070	    0.001227	    0.001746	    0.001746	    0.000000	    0.000000	    0.000000
  8080	    0.001225	    0.001744	    0.001743	    0.000000	    0.000000	    0.000000
  8090	    0.001224	    0.001742	    0.001741	    0.000000	    0.000000	    0.000000
  8100	    0.001222	    0.001739	    0.001739	    0.000000	    0.000000	    0.000000
  8110	    0.001221	    0.001737	    0.001737	    0.000000	    0.000000	    0.000000
  8120	    0.001219	    0.001735	    0.001735	    0.000000	    0.000000	    0.000000
  8130	    0.001218	    0.001733	    0.001733	    0.000000	    0.000000	    0.000000
  8140	    0.001216	    0.001731	    0.001731	    0.000000	    0.000000	    0.000000
  8150	    0.001215	    0.001729	    0.001728	    0.000000	    0.000000	    0.000000
  8160	    0.001213	    0.001727	    0.001726	    0.000000	    0.000000	    0.000000
  8170	    0.001212	    0.001725	    0.001724	    0.000000	    0.000000	    0.000000
  8180	    0.001210	    0.001722	    0.001722	    0.000000	    0.000000	    0.000000
  8190	    0.001209	    0.001720	    0.001720	    0.000000	    0.000000	    0.000000
  8200	    0.001207	    0.001718	    0.001718	    0.000000	    0.000000	    0.000000
  8210	    0.001206	    0.001716	    0.001716	    0.000000	    0.000000	    0.000000
  8220	    0.001204	    0.001714	    0.001714	    0.000000	    0.000000	    0.000000
  8230	    0.001203	    0.001712	    0.001712	    0.000000	    0.000000	    0.000000
  8240	    0.001201	    0.001710	    0.001710	    0.000000	    0.000000	    0.000000
  8250	    0.001200	    0.001708	    0.001707	    0.000000	    0.000000	    0.000000
  8260	    0.001199	    0.001706	    0.001705	    0.000000	    0.000000	    0.000000
  8270	    0.001197	    0.001704	    0.001703	    0.000000	    0.000000	    0.000000
  8280	    0.001196	    0.001702	    0.001701	    0.000000	    0.000000	    0.000000
  8290	    0.001194	    0.001700	    0.001699	    0.000000	    0.000000	    0.000000
  8300	    0.001193	    0.001698	    0.001697	    0.000000	    0.000000	    0.000000
  8310	    0.001191	    0.001695	    0.001695	    0.000000	    0.000000	    0.000000
  8320	    0.001190	    0.001693	    0.001693	    0.000000	    0.000000	    0.000000
  8330	    0.001188	    0.001691	    0.001691	    0.000000	    0.000000	    0.000000
  8340	    0.001187	    0.001689	    0.001689	    0.000000	    0.000000	    0.000000
  8350	    0.001186	    0.001687	    0.001687	    0.000000	    0.000000	    0.000000
  8360	    0.001184	    0.001685	    0.001685	    0.000000	    0.000000	    0.000000
  8370	    0.001183	    0.001683	    0.001683	    0.000000	    0.000000	    0.000000
  8380	    0.001181	    0.001681	    0.001681	    0.000000	    0.000000	    0.000000
  8390	    0.001180	    0.001679	    0.001679	    0.000000	    0.000000	    0.000000
  8400	    0.001179	    0.001677	    0.001677	    0.000000	    0.000000	    0.000000
  8410	    0.001177	    0.001675	    0.001675	    0.000000	    0.000000	    0.000000
  8420	    0.001176	    0.001673	    0.001673	    0.000000	    0.000000	    0.000000
  8430	    0.001174	    0.001671	    0.001671	    0.000000	    0.000000	    0.000000
  8440	    0.001173	    0.001669	    0.001669	    0.000000	    0.000000	    0.000000
  8450	    0.001172	    0.001667	    0.001667	    0.000000	    0.000000	    0.000000
  8460	    0.001170	    0.001665	    0.001665	    0.000000	    0.000000	    0.000000
  8470	    0.001169	    0.001663	    0.001663	    0.000000	    0.000000	    0.000000
  8480	    0.001167	    0.001661	    0.001661	    0.000000	    0.000000	    0.000000
  8490	    0.001166	    0.001660	    0.001659	    0.000000	    0.000000	    0.000000
  8500	    0.001165	    0.001658	    0.001657	    0.000000	    0.000000	    0.000000
  8510	    0.001163	    0.001656	    0.001655	    0.000000	    0.000000	    0.000000
  8520	    0.001162	    0.001654	    0.001653	    0.000000	    0.000000	    0.000000
  8530	    0.001161	    0.001652	    0.001651	    0.000000	    0.000000	    0.000000
  8540	    0.001159	    0.001650	    0.001649	    0.000000	    0.000000	    0.000000
  8550	    0.001158	    0.001648	    0.001648	    0.000000	    0.000000	    0.000000
  8560	    0.001157	    0.001646	    0.001646	    0.000000	    0.000000	    0.000000
  8570	    0.001155	    0.001644	    0.001644	    0.000000	    0.000000	    0.000000
  8580	    0.001154	    0.001642	    0.001642	    0.000000	    0.000000	    0.000000
  8590	    0.001153	    0.001640	    0.001640	    0.000000	    0.000000	    0.000000
  8600	    0.001151	    0.001638	    0.001638	    0.000000	    0.000000	    0.000000
  8610	    0.001150	    0.001636	    0.001636	    0.000000	    0.000000	    0.000000
  8620	    0.001148	    0.001634	    0.001634	    0.000000	    0.000000	    0.000000
  8630	    0.001147	    0.001633	    0.001632	    0.000000	    0.000000	    0.000000
  8640	    0.001146	    0.001631	    0.001630	    0.000000	    0.000000	    0.000000
  8650	    0.001145	    0.001629	    0.001629	    0.000000	    0.000000	    0.000000
  8660	    0.001143	    0.001627	    0.001627	    0.000000	    0.000000	    0.000000
  8670	    0.001142	    0.001625	    0.001625	    0.000000	    0.000000	    0.000000
  8680	    0.001141	    0.001623	    0.001623	    0.000000	    0.000000	    0.000000
  8690	    0.001139	    0.001621	    0.001621	    0.000000	    0.000000	    0.000000
  8700	    0.001138	    0.001619	    0.001619	    0.000000	    0.000000	    0.000000
  8710	    0.001137	    0.001618	    0.001617	    0.000000	    0.000000	    0.000000
  8720	    0.001135	    0.001616	    0.001615	    0.000000	    0.000000	    0.000000
  8730	    0.001134	    0.001614	    0.001614	    0.000000	    0.000000	    0.000000
  8740	    0.001133	    0.001612	    0.001612	    0.000000	    0.000000	    0.000000
  8750	    0.001131	    0.001610	    0.001610	    0.000000	    0.000000	    0.000000
  8760	    0.001130	    0.001608	    0.001608	    0.000000	    0.000000	    0.000000
  8770	    0.001129	    0.001607	    0.001606	    0.000000	    0.000000	    0.000000
  8780	    0.001128	    0.001605	    0.001604	    0.000000	    0.000000	    0.000000
  8790	    0.001126	    0.001603	    0.001603	    0.000000	    0.000000	    0.000000
  8800	    0.001125	    0.001601	    0.001601	    0.000000	    0.000000	    0.000000
  8810	    0.001124	    0.001599	    0.001599	    0.000000	    0.000000	    0.000000
  8820	    0.001122	    0.001597	    0.001597	    0.000000	    0.000000	    0.000000
  8830	    0.001121	    0.001596	    0.001595	    0.000000	    0.000000	    0.000000
  8840	    0.001120	    0.001594	    0.001594	    0.000000	    0.000000	    0.000000
  8850	    0.001119	    0.001592	    0.001592	    0.000000	    0.000000	    0.000000
  8860	    0.001117	    0.001590	    0.001590	    0.000000	    0.000000	    0.000000
  8870	    0.001116	    0.001588	    0.001588	    0.000000	    0.000000	    0.000000
  8880	    0.001115	    0.001587	    0.001586	    0.000000	    0.000000	    0.000000
  8890	    0.001114	    0.001585	    0.001585	    0.000000	    0.000000	    0.000000
  8900	    0.001112	    0.001583	    0.001583	    0.000000	    0.000000	    0.000000
  8910	    0.001111	    0.001581	    0.001581	    0.000000	    0.000000	    0.000000
  8920	    0.001110	    0.001580	    0.001579	    0.000000	    0.000000	    0.000000
  8930	    0.001109	    0.001578	    0.001577	    0.000000	    0.000000	    0.000000
  8940	    0.001107	    0.001576	    0.001576	    0.000000	    0.000000	    0.000000
  8950	    0.001106	    0.001574	    0.001574	    0.000000	    0.000000	    0.000000
  8960	    0.001105	    0.001572	    0.001572	    0.000000	    0.000000	    0.000000
  8970	    0.001104	    0.001571	    0.001570	    0.000000	    0.000000	    0.000000
  8980	    0.001102	    0.001569	    0.001569	    0.000000	    0.000000	    0.000000
  8990	    0.001101	    0.001567	    0.001567	    0.000000	    0.000000	    0.000000
  9000	    0.001100	    0.001565	    0.001565	    0.000000	    0.000000	    0.000000
  9010	    0.001099	    0.001564	    0.001563	    0.000000	    0.000000	    0.000000
  9020	    0.001098	    0.001562	    0.001562	    0.000000	    0.000000	    0.000000
  9030	    0.001096	    0.001560	    0.001560	    0.000000	    0.000000	    0.000000
  9040	    0.001095	    0.001559	    0.001558	    0.000000	    0.000000	    0.000000
  9050	    0.001094	    0.001557	    0.001557	    0.000000	    0.000000	    0.000000
  9060	    0.001093	    0.001555	    0.001555	    0.000000	    0.000000	    0.000000
  9070	    0.001092	    0.001553	    0.001553	    0.000000	    0.000000	    0.000000
  9080	    0.001090	    0.001552	    0.001551	    0.000000	    0.000000	    0.000000
  9090	    0.001089	    0.001550	    0.001550	    0.000000	    0.000000	    0.000000
  9100	    0.001088	    0.001548	    0.001548	    0.000000	    0.000000	    0.000000
  9110	    0.001087	    0.001547	    0.001546	    0.000000	    0.000000	    0.000000
  9120	    0.001086	    0.001545	    0.001545	    0.000000	    0.000000	    0.000000
  9130	    0.001084	    0.001543	    0.001543	    0.000000	    0.000000	    0.000000
  9140	    0.001083	    0.001541	    0.001541	    0.000000	    0.000000	    0.000000
  9150	    0.001082	    0.001540	    0.001540	    0.000000	    0.000000	    0.000000
  9160	    0.001081	    0.001538	    0.001538	    0.000000	    0.000000	    0.000000
  9170	    0.001080	    0.001536	    0.001536	    0.000000	    0.000000	    0.000000
  9180	    0.001078	    0.001535	    0.001534	    0.000000	    0.000000	    0.000000
  9190	    0.001077	    0.001533	    0.001533	    0.000000	    0.000000	    0.000000
  9200	    0.001076	    0.001531	    0.001531	    0.000000	    0.000000	    0.000000
  9210	    0.001075	    0.001530	    0.001529	    0.000000	    0.000000	    0.000000
  9220	    0.001074	    0.001528	    0.001528	    0.000000	    0.000000	    0.000000
  9230	    0.001073	    0.001526	    0.001526	    0.000000	    0.000000	    0.000000
  9240	    0.001071	    0.001525	    0.001525	    0.000000	    0.000000	    0.000000
  9250	    0.001070	    0.001523	    0.001523	    0.000000	    0.000000	    0.000000
  9260	    0.001069	    0.001522	    0.001521	    0.000000	    0.000000	    0.000000
  9270	    0.001068	    0.001520	    0.001520	    0.000000	    0.000000	    0.000000
  9280	    0.001067	    0.001518	    0.001518	    0.000000	    0.000000	    0.000000
  9290	    0.001066	    0.001517	    0.001516	    0.000000	    0.000000	    0.000000
  9300	    0.001065	    0.001515	    0.001515	    0.000000	    0.000000	    0.000000
  9310	    0.001063	    0.001513	    0.001513	    0.000000	    0.000000	    0.000000
  9320	    0.001062	    0.001512	    0.001511	    0.000000	    0.000000	    0.000000
  9330	    0.001061	    0.001510	    0.001510	    0.000000	    0.000000	    0.000000
  9340	    0.001060	    0.001508	    0.001508	    0.000000	    0.000000	    0.000000
  9350	    0.001059	    0.001507	    0.001507	    0.000000	    0.000000	    0.000000
  9360	    0.001058	    0.001505	    0.001505	    0.000000	    0.000000	    0.000000
  9370	    0.001057	    0.001504	    0.001503	    0.000000	    0.000000	    0.000000
  9380	    0.001055	    0.001502	    0.001502	    0.000000	    0.000000	    0.000000
  9390	    0.001054	    0.001500	    0.001500	    0.000000	    0.000000	    0.000000
  9400	    0.001053	    0.001499	    0.001499	    0.000000	    0.000000	    0.000000
  9410	    0.001052	    0.001497	    0.001497	    0.000000	    0.000000	    0.000000
  9420	    0.001051	    0.001496	    0.001495	    0.000000	    0.000000	    0.000000
  9430	    0.001050	    0.001494	    0.001494	    0.000000	    0.000000	    0.000000
  9440	    0.001049	    0.001492	    0.001492	    0.000000	    0.000000	    0.000000
  9450	    0.001048	    0.001491	    0.001491	    0.000000	    0.000000	    0.000000
  9460	    0.001047	    0.001489	    0.001489	    0.000000	    0.000000	    0.000000
  9470	    0.001045	    0.001488	    0.001488	    0.000000	    0.000000	    0.000000
  9480	    0.001044	    0.001486	    0.001486	    0.000000	    0.000000	    0.000000
  9490	    0.001043	    0.001485	    0.001484	    0.000000	    0.000000	    0.000000
  9500	    0.001042	    0.001483	    0.001483	    0.000000	    0.000000	    0.000000
  9510	    0.001041	    0.001482	    0.001481	    0.000000	    0.000000	    0.000000
  9520	    0.001040	    0.001480	    0.001480	    0.000000	    0.000000	    0.000000
  9530	    0.001039	    0.001478	    0.001478	    0.000000	    0.000000	    0.000000
  9540	    0.001038	    0.001477	    0.001477	    0.000000	    0.000000	    0.000000
  9550	    0.001037	    0.001475	    0.001475	    0.000000	    0.000000	    0.000000
  9560	    0.001036	    0.001474	    0.001474	    0.000000	    0.000000	    0.000000
  9570	    0.001034	    0.001472	    0.001472	    0.000000	    0.000000	    0.000000
  9580	    0.001033	    0.001471	    0.001470	    0.000000	    0.000000	    0.000000
  9590	    0.001032	    0.001469	    0.001469	    0.000000	    0.000000	    0.000000
  9600	    0.001031	    0.001468	    0.001467	    0.000000	    0.000000	    0.000000
  9610	    0.001030	    0.001466	    0.001466	    0.000000	    0.000000	    0.000000
  9620	    0.001029	    0.001465	    0.001464	    0.000000	    0.000000	    0.000000
  9630	    0.001028	    0.001463	    0.001463	    0.000000	    0.000000	    0.000000
  9640	    0.001027	    0.001462	    0.001461	    0.000000	    0.000000	    0.000000
  9650	    0.001026	    0.001460	    0.001460	    0.000000	    0.000000	    0.000000
  9660	    0.001025	    0.001459	    0.001458	    0.000000	    0.000000	    0.000000
  9670	    0.001024	    0.001457	    0.001457	    0.000000	    0.000000	    0.000000
  9680	    0.001023	    0.001455	    0.001455	    0.000000	    0.000000	    0.000000
  9690	    0.001022	    0.001454	    0.001454	    0.000000	    0.000000	    0.000000
  9700	    0.001021	    0.001452	    0.001452	    0.000000	    0.000000	    0.000000
  9710	    0.001020	    0.001451	    0.001451	    0.000000	    0.000000	    0.000000
  9720	    0.001019	    0.001450	    0.001449	    0.000000	    0.000000	    0.000000
  9730	    0.001017	    0.001448	    0.001448	    0.000000	    0.000000	    0.000000
  9740	    0.001016	    0.001447	    0.001446	    0.000000	    0.000000	    0.000000
  9750	    0.001015	    0.001445	    0.001445	    0.000000	    0.000000	    0.000000
  9760	    0.001014	    0.001444	    0.001443	    0.000000	    0.000000	    0.000000
  9770	    0.001013	    0.001442	    0.001442	    0.000000	    0.000000	    0.000000
  9780	    0.001012	    0.001441	    0.001440	    0.000000	    0.000000	    0.000000
  9790	    0.001011	    0.001439	    0.001439	    0.000000	    0.000000	    0.000000
  9800	    0.001010	    0.001438	    0.001437	    0.000000	    0.000000	    0.000000
  9810	    0.001009	    0.001436	    0.001436	    0.000000	    0.000000	    0.000000
  9820	    0.001008	    0.001435	    0.001434	    0.000000	    0.000000	    0.000000
  9830	    0.001007	    0.001433	    0.001433	    0.000000	    0.000000	    0.000000
  9840	    0.001006	    0.001432	    0.001432	    0.000000	    0.000000	    0.000000
  9850	    0.001005	    0.001430	    0.001430	    0.000000	    0.000000	    0.000000
  9860	    0.001004	    0.001429	    0.001429	    0.000000	    0.000000	    0.000000
  9870	    0.001003	    0.001427	    0.001427	    0.000000	    0.000000	    0.000000
  9880	    0.001002	    0.001426	    0.001426	    0.000000	    0.000000	    0.000000
  9890	    0.001001	    0.001425	    0.001424	    0.000000	    0.000000	    0.000000
  9900	    0.001000	    0.001423	    0.001423	    0.000000	    0.000000	    0.000000
  9910	    0.000999	    0.001422	    0.001421	    0.000000	    0.000000	    0.000000
  9920	    0.000998	    0.001420	    0.001420	    0.000000	    0.000000	    0.000000
  9930	    0.000997	    0.001419	    0.001419	    0.000000	    0.000000	    0.000000
  9940	    0.000996	    0.001417	    0.001417	    0.000000	    0.000000	    0.000000
  9950	    0.000995	    0.001416	    0.001416	    0.000000	    0.000000	    0.000000
  9960	    0.000994	    0.001415	    0.001414	    0.000000	    0.000000	    0.000000
  9970	    0.000993	    0.001413	    0.001413	    0.000000	    0.000000	    0.000000
  9980	    0.000992	    0.001412	    0.001412	    0.000000	    0.000000	    0.000000
  9990	    0.000991	    0.001410	    0.001410	    0.000000	    0.000000	    0.000000
 10000	    0.000990	    0.001409	    0.001409	    0.000000	    0.000000	    0.000000
